-7.24567101263021,41.8411498757331,-71.0739150526271,12.6939937395286,-5.26148248992025,75.088147006689,-72.3515044032038,59.166609137612,19.8692373184952,-48.8015517765256,-72.9277111461921,40.1851276989267,8.80854602412652,-6.05196805257917,2.91121657642113,117.287313587282
-33.0687441317935,106.993726465633,-90.8661262765927,-29.9480848263131,21.8885027106434,24.9939674882646,-18.9566542245999,63.5013880305094,35.1289839788454,-44.9453087188399,-81.3815733489937,-9.62488696279217,-36.5478182477089,-1.5038773484645,-59.5633873894007,369.648120370214
-52.1111459723069,133.012699560611,-63.3925978578759,-36.0361745126758,35.7441452331862,-47.1246390398207,-23.8400645824273,62.0422064227493,59.035596134894,-6.81537897705423,-34.1454070859451,-61.6270916196775,-62.9386594925989,-30.6912101847583,-120.483548659767,428.799919885158
-66.5785242365424,91.450412821406,-24.3812067244431,-32.3113027829669,67.4157256570015,-40.6334583319398,-72.0502521795259,170.856147887371,11.8160606996619,-60.7444736450016,-58.9329892040997,-55.2547469899846,-26.197522340713,10.2367341173315,19.2383571996417,204.095123349017
-48.1641415307005,54.3346893279111,-10.7063939635167,-45.8161962442076,82.3788731625154,-16.2521925412437,-90.1609535939573,175.140131060204,34.706920603731,-93.9053646900698,-109.620217242635,-46.7779570919998,26.9589851643639,56.4059130921091,112.848535363981,-0.481157256439872
-44.2620808596988,24.4259596240562,17.0232566059292,-24.2788059489686,72.0730478177393,-12.1896150216535,-35.7215125807094,47.4500114852904,49.4515348239786,-61.6088200330535,-84.416330781412,-55.6115550010788,44.1599133173581,57.4057052583729,84.3429091926229,-64.6260950413554
-37.2579919686663,-23.892316382777,47.3770781761781,1.87908797359523,46.8311351423547,-2.42481591931356,7.86619367967202,21.8889751936408,-3.70749512073999,-64.7430081037777,-59.3810705376728,-51.2073646220502,72.7583915475125,71.3780565189766,85.2541174282131,-58.5659250919934
10.1604615397145,-51.9572922862525,36.5499745676199,-11.7842885487932,-16.7356149958792,9.88364375107596,38.2929592015788,69.6382764332489,-18.1849573091942,-63.2373373663364,-82.9568743342919,-54.6529903506939,74.2653018784035,88.7923503613355,76.9454403088078,35.8898519126043
66.6952454789476,-63.121966297578,3.0044525278341,-45.4986815711243,-52.2383709879041,21.5018555804814,37.3420715320909,107.262721490969,-9.65558836273431,-23.8211867886755,-110.229102936758,-60.3166514224121,65.3970556624568,101.830438917632,71.4373012387639,17.2994910876699
86.1395736782995,-55.6616389163861,1.32050344312869,-55.3807970463393,-60.6356488736612,12.7116667589968,-21.7620446659422,108.833025071363,-8.2330191008781,29.9859750925711,-68.661977889455,-30.3651599579967,48.9126612944999,77.6393178376778,58.9446758016206,-89.7883410866497
54.304180924435,-49.8676304854058,14.7252757912901,-19.0885968255281,-57.5178171408974,15.082219147345,-1.35290002337474,50.8306256012268,-59.6265787246056,53.4601057074581,3.2956118121634,28.9273900827256,19.7066734952068,22.2793468650845,20.0577519455667,-153.792864677788
26.7261705608596,-60.0728583344041,-5.77949327735013,8.87780224662386,15.6439483325208,25.2654200260471,78.9058098104569,-65.3946562957487,-95.5459174469067,53.738232924389,30.7855678267821,72.1904648673723,8.6667877091669,-18.5271848125894,-11.9214153595256,-214.42188160736
6.45246283314175,-43.2659923245435,-21.2587975210216,10.1726203295352,96.8116692788609,11.9827066544335,71.5218622800649,-149.70693986831,-35.6304716443419,36.5257007516615,25.6012428107302,94.6399587632006,-21.8239645221548,-49.5777384371442,-44.6916963842255,-164.739491527345
-11.7151942667363,-7.45045873806594,-16.6061016313181,11.0113850536768,92.9686933130211,1.25630174560629,33.9503185774034,-163.59418475984,24.0359639791833,0.942064442456683,25.9636371026967,134.186485103475,-54.9351484140975,-82.3832697328146,-72.9362558644591,-39.6276245178217
-23.3869169837616,6.81403121000896,19.1650132983496,47.3904162833196,16.2386310748526,-25.9828400790512,6.76665009824113,-146.585479964472,21.3101480046504,2.50027282482668,114.07182515076,162.111468029272,-113.075435998626,-130.215557433027,-129.887460562766,80.4660026180888
-26.668474612821,3.86627430848763,59.1578374158402,41.3746283187536,-24.2371992984569,-44.1115290846015,8.16945953228739,-117.950676195253,10.2668008409449,26.8838851230836,145.17678852378,119.983597904801,-123.089438989364,-136.052149239619,-135.898697226049,102.792104051811
-16.5094762446393,9.28116390241599,71.0035878064445,1.12409009057163,-33.3206999453281,-49.4470591496201,-3.29538398816456,-68.618911619934,8.27715420016285,65.3703816735198,79.2998639732545,55.6618787428194,-68.3699291459114,-94.4200529666101,-70.2007857700095,59.929324538309
-4.82431177930361,8.61258447515983,67.6797526750978,17.5807040318559,-61.2607975084763,-62.7467161307317,-70.6257403044372,20.9514307891711,11.0119888123187,76.3849278839628,85.3339005657728,-2.21021551789522,-56.5106865837228,-58.9274498568588,-50.0393605748479,30.0184114448866
10.9944705104434,-4.62800458664348,41.5048792324343,23.5528217726662,-65.7381354590746,-47.1637739605918,-64.8038353663876,58.9236364446107,35.7130772395047,21.7334345994009,70.8933420956256,-40.7150212668724,-45.9816513535198,-19.6298752346517,-11.2640597891115,-13.4082552810625
15.8496822183202,8.02041774236664,-3.66907841362737,19.0187628488285,-66.9009460300655,-22.0097459772856,-5.11446040835356,39.9481466740529,47.4372307763626,-30.9397931509737,61.8593515821372,-67.2165910337283,-48.6646558930144,9.17674326475718,41.6420569189262,3.68562873536695
14.3998961745281,29.5776235504593,-45.2650489272837,5.23479715580827,-40.0770856240912,-0.924668860802825,16.5896820419703,16.6758713901371,40.5954316218866,-48.3489565052783,74.6504787867097,-97.6884061115557,-57.4951039931736,44.4512633204282,41.9743521185752,73.3817153036767
6.20909032661231,21.3260398950962,-79.7202761567454,-4.31961016807059,28.2791318597065,41.2080896927659,30.6089911027712,7.52743413293986,-23.1468089483827,-51.4981433572277,47.8308311541219,-101.98317785709,-23.3310063340039,85.7365568633406,59.0796540271501,75.9285982461842
-8.85418974133945,-10.8639321854856,-86.9496782945164,14.6164875185502,66.6772185793457,67.5936629873908,98.1918621454176,-12.1417058385881,-98.8049418201514,-74.4784889130408,61.6960081211403,-95.5764155603274,4.63215786621757,88.7434764508704,74.090056813089,-3.990308491625
-6.29942310595405,-29.1306728999138,-26.6265681361878,22.7372858872801,51.0184273065494,20.7872433600002,85.6733720495101,-72.8207311476623,-56.155588403492,-22.8668140047365,76.0626140333326,-63.7420819465815,-5.10721989708283,33.3482106975669,20.7577802358058,-30.3594309581739
-0.917217221751091,-31.0229638411466,10.7756360138951,38.8434620095581,58.0962490461841,-30.265038006351,-38.1492893404431,-56.4457199414926,-26.4439501248624,88.1958313306075,48.9270569506253,-8.21472657086261,-24.5361966836904,-38.5243216361749,-25.6256395854156,-53.4779014389898
-7.10691946021835,-47.1951345336417,23.1884093885056,49.3621818667355,59.7526114317988,-28.3512100336669,-38.4532785763896,-27.1046958334573,-45.2671317807181,72.671517475221,-8.23751702525912,20.3139472613071,35.4264876711078,-23.7932439570401,-1.67824617368341,-129.717168670372
-21.1471004268027,-56.6572033766687,59.5896749222275,56.7555643595403,11.2176846555676,-24.1783692217255,14.6162093698187,-23.832326263977,-29.187420480745,2.47302634192451,-53.2883696121203,23.7293190423004,92.0755880024198,7.80605464389117,36.3727128505025,-137.267215926045
-25.5971129715295,-25.1012654576634,54.7059291927412,25.4872519239894,-34.4095970108357,-2.4632358599363,45.7462071689305,3.54832525772219,-7.76844160710647,0.939917754430496,-124.191288648399,28.2135556786893,94.2914434346381,4.22188567125771,38.0159654306267,-100.538826260398
-25.6315714056654,21.6027855513613,26.0971992525878,-28.3157029109568,-49.0816849337817,27.8828056015352,91.1736792796701,-20.8208865841582,-5.40784670343051,5.15194145651621,-137.666331298479,36.5837747339438,101.121104732885,8.89694576547946,14.609964456669,-98.1572927948555
-14.3391809479238,60.4636475049036,-7.67972644639583,-42.9145114934146,-48.9257799008499,12.3963309164671,69.1345548272547,-41.9409910282661,14.4055835824475,7.65865614577157,-31.8480650170988,34.5874692378117,40.2567065741486,-2.51486402847334,-27.056725532525,-94.452668138546
16.0436040852359,64.3151141166656,-50.6414669195584,-33.2000543046907,-27.3725013404201,0.285680727650629,-3.15117247580834,-34.2130282957575,70.3245635921919,29.3737525442779,-29.3890156764981,1.49112981911038,24.6816917728692,7.20821463111484,-60.2970716232712,-52.8419663143806
20.5013119862222,9.55095825449988,-60.1764899200968,-5.17850253998113,72.7661055673193,12.5793200388202,-69.9702293249462,-25.590567887576,70.3196709057393,55.7797052283963,-109.794811056471,-54.2604915697984,92.2502867678495,19.4247634257234,-73.9700720581502,-0.70877535229161
9.75379470429141,-34.5026221966296,-42.6312206095304,-25.0890885359759,123.651680053433,48.618305008304,0.596564035494396,-39.2590066573702,20.5850625841879,21.8723630259746,-126.504300247416,-86.7333871888011,109.61195426794,42.1609561197296,-20.523736886994,-35.681561333749
0.790223566199409,-38.953143605606,2.11474943276701,-55.2667005609544,82.7731660203708,59.7186651918437,85.7229509739608,-84.1636969834543,5.30999485183577,-8.67785051915968,-70.5685094486225,-77.7887235386023,74.2333716829947,54.7634386338841,47.561451293322,-161.354825710017
-28.5132143631783,-13.6641908655708,77.4281481876904,-46.8501393467272,24.5653289540933,26.2381020693822,41.0698041876913,-103.41634481704,8.77187607407728,29.7180793868391,-0.900209744400655,-2.72766514601411,-8.99560708332638,17.6889396538189,39.0257628521804,-192.223498275687
-62.2000430593037,32.4267948327704,134.47054533413,-51.8848046070503,-45.216029494687,-0.604181188153916,12.4993045016918,-81.1433044377785,7.46985183653085,8.86974577284332,42.7793200785046,113.452636030154,-71.2845416360674,-4.83389922188876,-25.8828780341168,-109.838530421838
-57.480080370249,62.3541369105724,154.334089925141,-80.0739258978602,-92.7134532054237,-36.0580215929672,-20.3649070115948,-8.94045482852368,12.6822066164321,-1.60080675500231,66.1958068343295,147.07490966263,-48.1669248868635,-32.673491033995,-123.177159543405,-17.0036591750312
-26.0711692484413,55.0477476125382,106.46395416766,-68.566728806646,-103.180526916074,-44.3200905640512,-65.7570071749899,115.470925333039,-34.9830728932289,16.8452992991424,43.7608025816602,107.504117588514,-3.37309284133488,-52.5520901069877,-81.5954939529462,55.0849090195533
-10.7547339796669,32.1123976816174,60.9671366799029,18.5822412649579,-103.804706961213,-69.7231320687062,-98.7933086475844,135.812047305911,-35.3106470837824,15.7116295954839,29.6561998784029,84.4505713198828,-5.81255781622752,-52.3503122950973,-13.9488860452828,149.470328507597
5.22824532469354,31.9429254881611,54.0286706732482,63.7597616061356,-128.900347588053,-98.0013306927185,-108.984936747591,39.5052407113922,35.7493980241024,2.19735619011198,89.6181595870489,58.9602077913548,-30.8480845153555,-29.6302978523608,-31.0946013097858,264.523071929034
35.3927817021118,30.6339824134158,11.2400201803046,15.6492037934112,-106.415718990641,-67.6064780978264,-65.3416623105323,22.9318557282867,57.3280293991926,-57.5968919385077,87.7883440323023,-4.32302764711176,-27.6020475726918,35.3094183250033,6.09664894723738,393.965174234243
55.0920954671987,28.2934416105266,-30.5969318736838,0.693281185899508,-62.5468117979868,-64.18842546229,-112.213092279718,89.8851584380891,69.8753324923963,-58.8905073904639,56.710389952326,-53.337349263734,-46.9954069114008,43.6539552569834,29.6767798126334,490.07457584208
60.8012551915995,26.2500931441655,-45.3572578154917,23.7482597975925,-49.6389900702778,-69.2825155005291,-207.567643891108,164.112937239245,69.2788336255468,29.517827219956,41.9850397962328,-77.9354271484538,-81.9516368894623,-7.09800393811431,17.8149520797176,404.267025349148
48.2293513210981,2.48277761836449,-86.964038181122,34.0171415125144,-11.1197693933679,-18.3451151751363,-123.937745005582,194.858472776524,28.0667855117293,36.3225357811812,-40.2422359381588,-100.170200915258,-83.6371959694744,-23.8822585787144,56.4519443017228,204.057850139503
29.9298160653927,-17.1152205410828,-139.7802417817,32.6512003177197,34.4475603317487,68.2945245781418,16.7105454158436,152.969550044071,-51.1972901606052,-25.5060072493693,-60.2392495146388,-78.3115024751982,-65.8622720953097,-0.630758017936216,120.622818798358,-25.4805422660586
22.4465126659757,-12.102612551997,-127.782046659146,5.10954417866502,41.7336532679155,96.8366524928137,68.5675889101131,60.8890729929294,-69.7977221235399,-6.11997134868614,-23.6499974204624,-55.4342746940828,-44.2103684254064,7.68212560402065,68.0672480871157,-154.587446366592
4.68239783435922,-7.22051397834857,-77.2778259602311,10.4131572168547,30.8395723054349,73.8951758593996,78.0753875527596,-34.9669609335294,-45.6352725416215,19.7736721487713,10.8270570484761,-30.3285360923982,-3.89826087293886,-25.9533826383984,-27.4611350282883,-160.266914950985
-5.54319219514548,-47.3188037360904,-39.2103232476768,24.7319679390193,76.867019590145,70.6133553392615,82.0567401757108,-98.9123246933461,-66.7708071193208,17.7052674462757,-10.4683404532832,40.7565650495935,43.8123683759601,-43.2509134804875,-51.8843489186749,-182.152784213813
-6.42016389252571,-78.5248940646791,-5.90154042613635,30.9415189241052,111.553163250719,38.255078060546,90.6952850786936,-137.119425276126,-46.8875346372785,22.0833409364769,-27.3853188172533,76.6671352749653,22.883650668291,-63.3018652646002,-45.8967045601286,-200.122887707204
-12.5036282140875,-82.3400728791762,13.5681723118654,31.3115325531442,100.41037581739,30.7912863042219,100.52281179407,-132.656569945386,-32.7660686132961,-57.8593974479307,-0.162165948707809,53.5898421760026,80.6646171074427,-44.8010247553053,-12.4937098594063,-173.851524463594
-9.14815727253464,-79.5130868714779,13.4842187519436,-0.373234893652779,92.57682916404,51.0037317115347,103.251647493399,-78.0930476633514,-35.9589160275033,-168.968767381113,11.2320096754631,34.5728013700338,139.166983008712,20.3511365151208,7.46108486227729,-97.7245804259025
-14.2810230515574,-40.3761965113251,23.2695573114235,-1.35549721257371,57.6404055404386,24.2524766612081,26.7566944658885,-34.1130561496547,5.30290712510021,-137.991136250495,34.5517884637378,18.5877739740074,52.7907313496242,38.1452767963995,-12.0099421989534,-6.20011938111983
-29.8054959932444,36.5934756857032,6.13689837346122,11.1649256702593,6.0430752269165,-4.08841835041332,-62.8811863383406,11.7528439601339,34.1034944066252,-34.6382521988045,7.96130487333452,-3.95201932334658,-7.93910846704691,38.1028674211768,-0.0236981330355945,35.6612572573196
-40.3992451462554,126.478110905682,-35.0511847746133,0.316035799603561,-49.2668619553374,-37.799559299271,-64.1093124720083,37.4803838824255,55.4799588502065,19.161559314168,9.31946962865192,-42.7049181560102,-33.1576611516236,26.6739408300358,27.6906707196616,56.2713156341135
-27.1907337230269,126.851807246335,-45.0456435619982,-22.7474715625463,-44.8449979907609,-34.4845982469429,-47.8152641587892,32.8165721629699,51.2154115451683,41.6725129478984,-11.5604083349795,-66.1931465562502,-6.13632849918855,29.6925375331669,16.4371715921497,84.0861123119512
-8.39031002138097,90.2084480756818,-56.8427128108999,-32.5883294915286,-22.253459197267,-7.51360654551875,-25.9870786219553,48.9402125986362,22.9426393872605,61.0194571618143,-56.055000690628,-61.5745119573037,-6.57992601579182,24.9282128434629,33.1348534337537,35.9734487697768
-1.8874718380063,61.1325643964687,-45.8828860560015,-18.9523488757356,-27.6593778679803,-8.67078783335086,0.0133862527878055,47.117333954821,25.1914666218752,53.0641664495064,-65.9485032751164,-75.0279247703255,-10.5426658480993,23.3448986593029,61.0171346287967,4.5834682798196
5.04616404377166,-3.3105894543164,-22.0045935475614,7.09317941934032,15.5679096298055,4.1343259067077,-25.6154070738276,45.9143543085942,7.86853387136389,18.5814159158769,-72.5301471524801,-56.3807806994082,17.9867679697508,49.6768569802242,16.1361705382565,44.8151976835089
-0.237429901351651,-38.6765082591906,-15.342861351284,19.0857678803447,68.0703925360637,7.03270397814329,-37.9031293904768,69.4566760153568,-35.4767611726734,6.82098515381463,-52.4760568975478,-35.9787934091509,3.12600014358011,52.2235034129154,-7.74489808516932,8.76536145279033
2.20388413036126,-35.2973819022762,-6.81375055531971,-13.8230165461699,79.9843508746429,-7.98483332834232,-29.4405601259746,101.373055555072,-50.6702097438102,45.3627597130594,-63.1778941054002,-52.4675605429068,-8.49071827286744,34.0959646561446,35.3405980322108,-91.9967415773107
0.986556968094179,-39.0203231561844,-1.9330397133707,-23.9113322838273,81.1030346318058,12.6420117674684,-15.1029964026507,76.4205756286012,-66.5712893304525,51.507231712304,-40.6607389236047,-51.6482626533328,6.12700952683832,30.8300963751666,69.3483370376754,-230.811069605696
0.681297175143273,-65.3075070625412,23.3903471686155,-28.0855785937942,36.6888352147068,52.6418569176606,90.5647453517669,7.62979110573039,-61.0753481737973,-7.7353681546553,-9.99314697911871,-45.0635620379682,2.34346372953667,42.4014758994659,118.339556704982,-382.092065666314
31.2108102696049,-67.2151498478568,25.4098409482807,-49.3638111393532,-42.6668162754473,50.0101658515673,193.579128594056,-42.8066760608588,-2.43433653347604,-45.1753104831821,3.82583719598233,-25.4372622458343,-56.4932832364565,11.8643371477924,113.338970444172,-312.585447432907
44.8078233008383,-50.4093165986831,-2.77791575919027,-12.2701762123905,-61.1674132966328,21.7365248969392,173.133258252375,-93.6928225190884,18.8632564571881,-44.7783353749192,35.520225330461,42.6092611951467,-59.2428330950075,-38.738981830752,8.05466983591126,-81.7952797978109
13.1950498046284,-29.4030509129711,7.13571652471022,47.9413639184271,-69.6838619219441,1.1090818695583,114.927116032362,-110.585458321188,-9.34797299996172,-31.8128726071109,55.0842941311236,93.7853070610945,-37.0515660037931,-61.4787861172858,-31.7450891627055,64.1011145837475
-11.5239070566079,-13.0950449443027,16.7336174577021,45.5754259586775,-54.9832109398802,13.5377848386303,74.6610168108422,-78.2168811417538,-40.6115821671647,-36.2683631013156,44.1099144362225,63.7675054135043,-16.474124400701,-29.4742604872763,43.41084865845,103.694130015415
2.34841046779243,7.07114775976967,-8.44634918891546,2.72098395028466,-38.6900143637093,32.8698390398525,44.0401370888467,-53.1906692852884,-24.9135458028249,-7.43751110561669,29.7476305646679,27.6957872723095,-30.0077138251255,-11.258010497739,69.6626346421745,38.5939617767862
7.80945175073438,7.93132958774847,-3.28022344943135,-10.7745188768727,-33.7989729754661,34.5697530030946,34.0045579435208,-71.9751982772544,-0.627112435410392,6.61363811391426,39.9682509691381,42.3280318724911,-29.1995305018273,-12.0055011958563,37.7895621224649,-109.781374203184
-9.25932752205196,-27.5928352879098,39.8423487327321,17.6203674207604,8.68213296809651,9.2968943327485,25.4649938256129,-114.682804450444,-21.4358656068375,-6.48176512539739,77.8372385686107,86.4675519486483,-4.41162098966748,-21.8164570852447,-5.91772865391228,-162.436496374811
-8.46656831535265,-43.3866920358859,69.6318550547468,38.2173058266655,23.633199713042,-43.6316933499586,11.9699106177164,-154.896191662596,13.0735601425145,24.3500916126372,92.9482258349044,73.7444038295451,-17.390809335616,-53.58642708786,-117.629253268718,24.1252275749466
7.28258019564238,-37.0232786758718,88.5481930662072,19.5489508714844,17.2705526423989,-91.278111638194,-18.7690052502763,-150.658566390275,82.0213478295661,36.8430803190811,67.6545378030254,30.5873467712987,14.1995352361064,-63.1186202518074,-258.549161994575,298.943184230303
15.8717945471375,4.30245860720596,89.6411537043797,10.6866386081523,-21.7720047125687,-127.431470881638,-124.326069264422,-67.0036780872161,111.047853772691,29.0814128107456,63.1965413441247,57.4986004585696,8.6592110715261,-59.4384939748944,-274.979940478039,505.046117237393
13.5479822053571,38.6652423013621,60.7878628583911,13.5830062533643,-22.970666463073,-126.105284335328,-229.963874964709,37.8317569109743,94.0028757351898,59.0097715448032,5.10795536407045,58.5057434033837,-4.75600660825717,-29.5681221510214,-175.642663377775,545.025050075792
-4.24085571963623,56.0790666265955,7.89392784707063,12.6487261908182,27.1782149477132,-95.0783400214437,-240.129846755639,115.204539501045,41.455714875754,77.0046063825801,-59.7551801172017,11.6302390798032,32.1495881697663,-12.2625860810714,-108.940089524011,433.827417631937
-10.0258951491376,67.994331773545,-41.1303756270246,-6.31281198476561,48.614826528921,-41.6788331497658,-221.41564655444,181.739676771249,5.26146623388837,19.5106557691211,-66.5720190158329,-29.5071379841021,60.6899133107809,18.1531091989194,-12.5109592604854,282.212792966354
-12.4400501335844,43.9486699447279,-54.7368235886373,-13.4822402228684,47.7546669895877,12.743940281531,-136.501761516151,182.713382636276,-30.9456510637551,-25.2956127564355,-69.3300664731308,-53.3141139807309,51.0207119655457,41.6597038651609,72.9046320006512,131.613901276593
-18.9497661185235,16.756615736095,-81.2814762738917,11.195096845622,45.9842672410028,56.8065261420452,0.800898664945237,116.622664171352,-72.2443030932575,-41.9293160854773,-88.6380013751534,-29.3922721647863,38.1933663891895,33.6881442697622,95.786725847586,-8.56483062638486
-14.9151463392569,10.6130743520847,-121.924987059845,6.39372358307332,64.626963641919,99.3657828053718,79.8971047253816,66.4126356223616,-66.1157522724864,-50.1947394822593,-115.532254559746,-41.3651943663303,35.0526888919944,54.1662169722875,99.440675142905,-169.764931684602
-22.1613566746446,19.5693363573121,-85.1004189679491,-15.9419317404539,52.7128413978203,84.0283827081375,83.4746235061414,37.9277481578157,-12.5553612346602,-60.4294279078542,-69.5518129563401,-80.4935481249343,36.7006431774292,51.9147351020674,43.1793836187312,-234.117158761881
-33.8034918598281,13.8982503773006,7.73659549037401,-25.0546890350635,17.5692362883857,38.9161119943226,47.5782970082314,3.09662357426294,7.81488187561121,-80.9386461470936,15.6655811121493,-26.6135465834765,34.6478739345504,13.0536014591576,13.0224917392901,-181.875140571803
-26.9709788514381,16.2045933935829,65.4148015706842,-18.9040268730363,-40.563756356902,8.06149834933871,-4.07491377864724,-37.0357569482271,30.2722803812439,-32.7367326327012,61.856542514824,34.3736804188848,7.69406010018146,-28.3812737776734,-1.76259659628829,-166.943883986465
1.23954224202881,13.0349525144414,94.6119616342745,-30.1747125308551,-92.0178516190212,-22.7579083913613,-18.7904309800269,-69.8400268464443,71.2601927093912,43.1890234414452,85.7129149581011,28.0158206270585,-7.15544458598197,-63.6079075458557,-66.9046874634019,-173.315009294296
20.2129259954929,-28.6375896412598,86.8944431959193,-44.7159215279598,-61.5906386960374,-16.3678030856628,54.7016854353735,-84.6168923096662,25.6963321138471,69.5056758574422,60.746540390603,19.2033989008661,-22.7105809025481,-55.8913115978328,-58.2398039169409,-178.581396120795
33.2443236623705,-67.4690510005871,46.7975321197649,-40.9594052569855,-16.7573645427678,17.0769279320334,105.441927166795,-56.8347294478583,-3.19453550866483,40.594651340978,-11.736673186314,-24.6118472827864,-5.46794373483229,-1.24956217190919,33.6558114806854,-234.571869227359
31.879552773207,-92.6145933039693,37.858349097626,-38.2040189108798,5.5205871795246,37.6298693315887,152.37472787152,-51.918628683339,6.77872710678295,10.476092483979,-62.659974929371,-70.3227538382886,18.0297041358584,33.6836124431484,82.1492390354744,-349.623852695864
18.4930227054178,-78.5005945195842,34.1014691812187,-31.8031848724614,-11.6171606756741,34.944882523038,192.480461178371,-52.7675894827276,-41.8902276621551,48.8609892303108,-33.967802686711,-15.5756797680114,-41.4012514491246,-0.641164884339048,56.146139341882,-436.101651893515
25.0636231735262,-38.2668187650233,8.60525049957683,-13.5849502882404,-36.7292392745526,1.87062292429976,141.29675286517,-55.3862943947221,-64.9406067068443,119.671219856657,22.3711774369241,19.2829592161613,-84.8861456822781,-40.2289614253316,6.25076093142013,-305.132891544716
24.3560057167476,19.0864247785473,-20.0518451025276,25.619109132503,-37.7469587793288,-41.5825785320685,20.2047022201934,-110.704617061306,-6.03381122287313,124.956151020893,88.4587556008686,28.6940529761975,-94.3726852226944,-47.3097827684943,-28.0992356357273,-6.63039227038067
17.0921532453057,57.3400821529318,-32.5827845357543,42.8377911239523,-54.4729839160519,-45.9898472554657,-44.6895584347045,-129.013071238805,31.4866111459309,73.4889184962183,136.070103224136,65.7144582384811,-120.569515354736,-46.0445758918631,-62.5679717915137,235.975533927667
10.7769579651488,58.7312392683789,-18.3350174794781,17.6913306759578,-42.0301297174536,-45.8323443392635,-52.0859660679171,-91.3791232935047,48.8690966602335,38.240871002672,77.8004443888646,39.0465163936769,-88.3964802613966,-13.6203950322855,-103.889181321677,427.006494585762
3.76019810152952,77.3404663325438,-6.36667744645898,-2.59009989160717,-24.8527280059914,-69.239859845485,-177.72496926235,61.9870479542439,74.6156462750341,-1.02394928976452,13.458665997388,-7.26434008289044,-36.8079071201127,25.5036378158244,-30.8840050980959,494.672431527054
-2.24401397612932,82.7006933504325,-11.2795699054829,-18.4449280066844,-46.1621179604996,-49.7910286207813,-262.386422027979,303.59362365214,43.4594566717921,-102.341704101494,-32.59146044766,-58.4465277158255,22.6062377660172,81.1024102140588,161.430954370478,327.901625046714
-14.2049509637473,48.6251195701229,-3.56550087597176,-25.3150350691235,-48.8313007317652,-8.77558988595941,-169.954497751154,349.389015625867,-0.766018340260587,-167.796976848815,-57.0900536988491,-76.4634185077537,58.7425521759633,112.043717460242,207.171959865381,99.3522541035209
-32.3828374324573,-12.8113596452461,23.4869781553823,26.1381861394942,-5.67714942341679,12.0888084252276,-48.9848393966999,153.376444596587,-30.0746007200097,-106.360605333234,-19.5097050378304,-51.1419587660051,12.0130518266381,82.6451757265606,114.623341884231,-9.18140715025388
-31.7633264685987,-42.1976642178497,26.3002292775832,38.679172923166,39.5301570483734,16.0902671924269,12.8489363577412,23.866797389662,-22.2271989309268,-50.7009804406475,-26.6510260898066,-54.5160548453832,-17.7112227099742,74.6554614259947,88.2658928627355,-45.7571605509661
-0.321204958375565,-19.623525424464,-0.79284059490198,-21.1313937902158,24.6481127045582,28.4031500702616,33.5052469930877,13.8917695943381,25.8721651311176,-34.8262777804146,-61.8342645042067,-88.2550175299629,16.7680001211672,71.9343260377242,91.3897935391792,-84.3288719894781
13.7750746243481,-0.395757168766053,-19.0118308536893,-31.6703873380101,-12.8602628868178,60.5885207816889,47.7019265072928,-50.9267982293834,36.8762480424496,-14.4014383502773,-24.4855605125247,-66.1257052583753,57.8088504828253,31.9311240501796,26.4307216741423,-140.554131357633
3.49816294001365,-3.93978393281095,-23.3543771336,22.3269889606072,-42.1922329360296,62.2550165082663,79.4341866050748,-108.500954737631,-17.8216022258686,25.3634465815564,35.5349170330936,87.3436887008937,-2.27875031666,-71.0907778358587,-75.181623281805,-209.838162325704
-12.5575237178298,-23.3793929959026,-1.29521728336394,79.2373767665106,-75.582520901701,29.8797248167905,106.796016318432,-78.0413159335575,-73.0637839990377,38.7428077267258,49.3026145111541,151.778362966841,-11.3713186503067,-141.224645040248,-116.27646485652,-201.630577042354
-19.5977012207259,-63.7925630596102,10.8273289847535,88.2566050901297,-25.539583004782,33.6217308303708,95.8129884987638,-24.631128269213,-107.265443339065,-22.9618043604825,7.5681019790722,127.270449436764,68.4930232887862,-105.030983212942,-121.661858290103,-86.0092193462698
-11.3509168881336,-66.0388654092823,-29.5724575353633,68.5033824579726,40.8689624860976,48.3314246829464,53.922377460494,34.5982148987064,-129.103866667751,-55.5938083080941,-20.2879513713053,164.263097620952,16.8267887866754,-88.6023204583243,-111.088041422109,65.4690387976755
-15.7471389783129,-23.2798895579085,-35.6131458789679,52.9498835784354,59.6742445506572,25.2087875010374,-30.3360057075019,29.8324769678698,-84.6353839568175,-40.8066840170868,-12.8321903496777,146.31536854337,15.2104408980287,-73.5964865639555,-60.739061352396,102.286872354695
-31.3543503703388,5.57056842974471,-29.0144163979234,39.6421744277684,104.65396509275,14.2337007504092,-90.1630487962673,-24.8604438479023,-54.8158214765535,-4.53993631439124,-9.79151139955323,92.2486395362108,84.6436188766447,-30.9700350522918,-22.3472932298389,-23.8993996854158
-40.0447836908161,39.8181862373449,-43.1902123846243,-1.77842392752253,113.854756337319,17.9338431296737,-64.5607340793879,-13.7071856672767,-59.8523711138984,9.37247027351469,-15.5276942994614,32.6418019747326,110.080376211277,9.58402337409041,11.1456486208528,-146.21241097199
-37.2454144582619,55.7597763771496,-19.0013549556745,-56.5779154590092,94.8790668416971,1.44411345749641,-12.19460476228,-22.0839960012592,-8.64522380285736,-9.38962726408143,-44.7807941974394,-45.4329959836382,132.454254518217,58.951095742602,48.1811029472451,-148.968488863588
-18.3976959716257,50.8396356707292,-3.86494433939628,-81.4159001757521,65.7207046923793,-12.0350597994344,32.4624087821786,-56.1269400822224,59.9935746312887,2.9478480220394,-62.1849262890969,-111.278420071729,101.592579588484,69.4490948474598,52.5332951808915,-113.204036205022
0.574423935646424,34.7221669012741,-1.26906667904777,-69.1262841622905,34.0131609838163,-9.70942335087223,36.0072008910532,-70.9644813068821,80.0732062627204,14.4982066745311,-35.7142248383665,-113.508600634736,52.3809491184266,64.5875645067764,13.9852774063554,-67.2674748966863
15.7433912501349,17.4860012035112,-3.89879267496434,-59.2947699484976,30.8065419010846,-24.1232237241736,25.2760664528265,-44.2295884197637,64.2168014592371,11.4715434430201,-29.6955337657344,-97.7489449078604,13.4199073499276,71.4154451728637,-13.8561800625025,103.895799354671
31.8053691290118,23.2461549139179,-38.8968966412577,-65.7560710968821,27.6599557768322,-29.8560618133803,18.2105746881656,32.6837138708238,56.0891421825664,-0.0200305796862494,-62.4262501502086,-127.542679826273,2.98128631115397,68.7125611359839,-18.9443657405566,305.521669442386
29.1546169759369,4.44961371398715,-41.3379837147327,-39.7229295960661,15.299009439866,-1.02209110117344,1.31703004434854,72.1559960724648,27.810600029877,-25.2905486985099,-70.7655146502074,-124.632005820558,6.18839691046001,78.5206537634292,10.5121274843149,332.767079862678
26.0955522007607,-29.1851573663351,9.64745400970893,-22.1690068147275,-13.6512386606553,7.50526800846715,-10.1447419280013,64.3295956500059,12.0106431767026,-26.8623706480038,-32.9074430582052,-86.9632756104387,-25.9166762251059,70.0213953301779,81.9385037903515,174.503763059102
17.3766605554651,-25.4088242529372,35.8011407212583,-20.0506546153149,-25.5594778384996,2.84188297330688,1.92954960019435,-1.72317514970247,26.3189066771403,-5.24635025127024,47.224809316577,-18.8204964035188,-69.6381882035877,11.1399893038116,43.9805220280355,-84.8551726926644
8.27434337118618,-30.2672504816585,26.047713395089,5.32869263014036,-18.4395893547233,11.0102012419482,38.5172549306623,-54.3835747827625,2.8855582190699,-3.39203451059172,90.210434318716,62.950771754496,-62.5094918904419,-53.7089125842801,-43.4085470946848,-223.915637623201
8.6962669502826,-52.5875112299403,34.0197834096378,46.8063294221785,-21.4362511661536,-4.88817080104812,10.6426234254667,-36.3963103935864,-35.3522167434096,39.6204902196516,84.2948734897568,153.284907861863,-101.677279328606,-128.951546916728,-85.2274345231614,-174.010326981566
2.205519862194,-44.52224284158,34.4762806486301,74.5563683133428,-31.5753497444084,-27.8853290801521,-23.2127691943965,-13.4441599253326,-48.9056906234834,82.1983256597968,74.6612392020024,158.283726889033,-121.946143830792,-148.355821305308,-92.1022075506829,-89.6703182469356
17.7063506542696,-29.2283053947758,8.67023041631506,55.6027578041967,-37.6353038979342,-27.2021742300262,-28.1464434259326,7.6516362152882,-34.8911349919309,18.7377643673666,76.2842615258,58.7937436456502,-31.3951375172141,-79.1169889334786,-27.2570493890974,75.9958462826271
25.1040296233043,-29.5332905289842,8.48119808753372,49.5735738442379,-20.7482838271682,-30.1716913065887,-52.0301297836422,-24.1741982734364,-8.74767977481151,-19.0036407401105,88.6349075949485,36.2985122666548,-21.0623646250422,-41.9240842917199,-11.3632552332219,259.558302740395
25.5831986933635,-21.8947940862057,23.5127233812872,15.173507916185,-11.4905901370995,-35.1168203748182,-41.6006201493748,-45.1016861086029,39.1216727536957,-3.15433802058666,43.0730398030424,-37.7279010772101,-18.9106585678495,-0.64691373592683,-3.56717399392437,334.89529117052
37.1244856939606,-0.542589637377603,5.66039755884583,-39.8168553711744,-25.4481274085177,-13.7646420162402,-14.6568473643249,-4.23764696060962,72.743605153221,0.00568191156438047,-7.61078142137484,-149.334589250194,-0.212838883247713,61.0639138805493,47.1791021301745,282.546897873518
21.5884143444143,17.6518287952631,-22.2335050175397,-25.2018276059054,-27.0598244902921,3.55778492165206,10.0733041722409,4.0650498393546,65.6924934025572,35.4732681681962,-28.8859634035387,-149.312563973864,-36.1121608171304,51.4776507182348,61.4278494041586,78.8489371960883
-9.52106142124627,28.289275828277,-2.8235845544259,-4.93112421627325,-43.4202824267215,-7.16829769058941,66.8859265267357,-25.7528059108724,57.1441513920315,118.83889266832,-61.6577643486838,-152.061836925713,-44.822669647514,8.12935230318016,43.6886470357695,-175.620440664326
-47.9595527176551,7.7270952011587,29.6909054077841,16.693811818986,-41.0911814088429,5.97865560842244,161.973328713397,-56.5754409277656,-22.1352063915959,118.130097443052,-50.2508065535745,-87.4382589215023,-59.2536979480022,-9.56585707253447,46.7602693682866,-368.965321924628
-71.6439392395194,7.10822814304322,27.5387895357629,44.2458309151859,-42.2583157640178,20.1175134628428,218.740297801031,-96.5938528603977,-95.3765020153788,22.3994285526064,40.4689591423615,75.6524158310726,-119.804665231841,-33.1513316726696,55.6581265795481,-368.535951668911
-56.6939560208961,22.4481955769806,36.9257896879821,73.7916748634405,-81.6339879596952,-16.4554607755744,159.112685280049,-158.288088745064,-78.5430132310207,6.94396123398789,156.999872001223,160.602645254196,-146.629859164959,-63.9230364196203,-15.6870623850422,-181.737478011197
-23.5831049734392,17.4494758056269,23.8272615535915,68.0496626352598,-42.3845822211175,-35.2576232705531,40.932096700248,-167.666494354925,-28.6677844912591,29.9475830413616,125.283473163197,113.17750914995,-57.4921924829554,-16.5791854179371,-94.4837780083198,67.1991965770838
18.6077513168572,38.0136009373886,-28.5310713387526,27.4232672361747,19.1332079076522,-62.2873471258325,-108.931326491261,-70.0904753034514,81.9000443202452,17.8388464733363,-6.32749351974007,44.0372015736132,33.9630487978378,27.7833079248392,-136.915197545778,319.572947310085
52.2186404576115,39.719406947462,-47.7812582869821,-14.6284119871642,37.2477063937799,-88.7057239556612,-229.683235706257,124.803227265634,145.367976193201,-16.4317651826253,-94.0045871916699,-7.05433371690265,45.0769997408961,29.3897465114342,-107.122160151693,429.261578106134
48.733378219463,25.2655919069574,-37.3526463465974,-65.5825275479161,43.7287855475507,-43.6301868121959,-212.760133454518,231.673569833862,108.667168775831,-50.6114236357711,-126.355854730082,-57.6650139266188,56.0661297970315,45.5484836139049,-42.3799522606244,328.981281156889
27.1548541083079,22.8143084729581,-29.0587049597556,-87.811071035087,75.1208319301595,4.94170432461621,-206.071935837498,232.685653168765,61.0039358512768,-59.3370674333538,-117.275360945413,-62.4445083835979,85.5031228950592,65.4639638992178,21.2649192530077,114.146580101903
7.58288716324884,3.74482520680376,-34.8544945256711,-82.4271065955256,116.78907100076,57.8132147674735,-192.555273298187,228.546331469247,-9.66551921289532,-70.9509304252101,-116.30091473637,-18.2604427172917,85.0949916022414,86.3577100553351,117.136512932497,-144.814549108271
-14.1752291757788,-12.3875646284639,-24.627204134581,-44.7589538593576,63.4972308830175,98.1311956904099,-40.7509841901084,118.128603132284,-77.6870330569608,-87.3744086784018,-43.3946221094685,49.0936934112161,68.0407195387062,43.9189530150357,123.380168371367,-341.289944059375
-12.8683718981176,-25.2319366373867,-18.8350112538201,-24.808452135088,11.0143168692855,93.9575394815858,123.18184934486,-7.68751635609976,-87.9114877140113,-127.239276974785,26.9267429407286,102.422786863082,57.9615582808905,-5.83962801930818,78.3468706579228,-368.620417368773
7.54395858422995,-46.0686375934819,-10.1506745563736,-18.9735486992795,12.89426896267,52.422072846925,153.709368895657,-53.5694855302512,-49.2185175441138,-169.472375807469,57.4829407064872,110.048923112734,48.0001104848612,-2.96981026083394,46.5172765093359,-231.941503694881
23.023613393,-55.7648867190444,31.6699039098319,6.71492003536802,-15.7176439547365,-6.56542097219442,46.9459399264075,-24.0073357207187,1.29950625894247,-124.434311448226,67.5837745756067,55.1689725231132,77.2543621056715,-16.1619236936577,3.8289844297277,-57.4689046324373
18.6246732865766,-70.4613536063022,52.599802160828,31.4999054298861,-32.0977087928197,-6.82967704412241,23.4903241742637,-16.5595231002731,-3.47122927692567,-34.9897369356401,17.7049789999374,-18.4912127923141,101.782248961728,-32.72346031029,-11.0475603683387,-6.80004323510907
-2.50194589886048,-45.4852199582807,48.3643215010479,38.5997135133427,-39.0591378737145,-0.389664149572081,50.1328213089899,-55.4470514112769,-14.5827236377539,47.5649319509361,3.94494414200097,-51.9408223817807,46.099404938739,-22.5775398656736,-17.2736917980982,-44.7476583083936
-4.64283350182702,17.8401370781615,17.6181199293641,1.82291464420683,-71.5539355890306,3.26011773185841,43.9270405309492,-26.5319158438584,-12.1806477407452,155.128902723926,-10.9724418618184,-115.093447361713,-37.2580817077435,-18.9407650949972,-7.10063245705926,-38.5470959424206
-3.88603722142325,53.8962381313976,-16.6178321773492,-38.0704030939919,-61.1676232801343,18.9606266361002,54.1693191078046,-8.32754419853732,-24.2281819195419,202.930600534387,-36.576199918288,-168.057084799016,-58.3530066609811,-15.6456547529033,24.8348978696273,-0.322071327919929
-3.95547660649666,55.68637544326,-54.6485715458935,-44.9930426113124,-2.54624469871035,28.1089728165006,67.7286393210107,-24.0414361497513,-34.5150068686616,128.07075235889,-25.6690373951169,-119.099028194649,-49.805647870348,2.19670226842476,51.3366878710622,1.16110843800699
-9.13431869299076,19.7713933144981,-70.2995879678324,0.535428910578736,32.6267003066844,39.4539675751443,92.4259630233592,-43.2676422614106,-55.6657133504006,44.4914408374179,-33.9080172388498,-33.2768958464554,-23.6881289598473,9.59085602741428,51.1090895458053,-43.4459067263571
-24.92383295558,-21.0320087261953,-27.1288252279287,31.4252295930443,61.4991144888534,30.2405474062222,72.4016470069606,-51.7811896011805,-54.3803864694448,9.73290073499976,-85.0209646448935,16.1959452378653,41.8730030861885,27.9049186572326,51.3253103084793,-114.921604780068
-33.1038116980424,-62.0168077257089,14.8808901501485,27.8387803612708,82.5974397529818,38.2877164941913,81.2404053101527,-35.866621611977,-52.8953969423939,-9.06203033896099,-152.604566064438,19.8954532248882,75.8536695420073,57.8477546685477,92.7137347971454,-232.861986458401
-39.6353840920422,-71.0245340440043,45.6677583247316,41.825429554905,45.024191039924,38.0130001508578,120.595195635138,-86.4623550104764,-23.5531484017276,-18.0821100079611,-157.618927401917,55.8454515066837,70.9851279373629,46.8973858050659,88.4202733250091,-337.311774894808
-19.2338675480886,-20.3532987714622,55.9215433053881,35.6237257531739,-27.3192336581703,-10.1716725736883,74.5613791995632,-158.864235203442,50.0710994030171,19.4241031642786,-58.5929338360718,96.8459060012869,35.0425492117502,9.54878147258651,-32.6444036266181,-228.943112185759
23.825968656909,50.9834231381191,39.8175214704079,-1.30575506432808,-83.8288360316618,-76.1090718545148,-103.02345907352,-74.4144198579027,129.857775403378,78.6101428544744,38.4300587701844,82.9213502132816,-29.6142381897852,-34.9937131733085,-201.320141943722,105.609016643543
43.8074792244329,85.5617309627903,5.115191390169,-34.0005704298381,-88.0010967325278,-88.9860871970284,-215.423111342482,85.7858130627254,156.069121781301,43.3473390543163,34.6005609822604,17.6009979429601,-37.4850137570226,-32.0505101747431,-256.643104919771,451.036809574777
22.4931834281057,66.5541817038934,-23.6432148153761,-34.4048342482756,-30.9501197632682,-48.5470277363016,-148.601163879379,123.643760060062,84.4133897475256,-68.7221847888281,-10.0957251709196,-28.2756482222887,23.3468575410084,35.6552695701866,-162.796755164515,627.017793302695
6.01944330117682,49.4991974887932,-20.2417725971965,-22.3599210442364,-13.6050992841372,-43.7978230422426,-102.416879000842,142.999324101508,22.2704043159399,-110.525914753253,7.48157696218954,-23.4531452373865,15.3170745081907,38.529209578139,-79.757780513284,623.805346634921
5.37236247779538,41.2027376427274,-2.48363064925764,18.518950637648,-53.5249050054955,-70.0304910920121,-137.605843489742,184.59803466713,0.459894102485919,-62.3856896727697,55.9946956885917,12.4888632652961,-56.9504259543062,-18.0498555545952,-28.7599980724752,469.998522361846
-11.4355132823896,44.4002607770693,-2.31359073765126,69.9859648926254,-48.3015086874454,-73.340714531181,-198.450106364977,173.274480972381,-30.9443986614704,-31.237214610299,112.358740456434,119.204904923185,-110.825920268714,-80.8121211807446,51.8442439610693,197.800968202275
-37.5486937339418,51.9470093715184,3.47198636157172,68.0959049941661,-5.98352283334555,-59.8728520506679,-176.655708772471,104.857537435265,-57.5043116253798,0.543309130924342,175.650687699556,132.505786495707,-110.067466060596,-122.225683918832,65.8296893323021,-91.7257421156958
-57.7659849208833,22.556007282967,35.339793714881,39.133322143808,37.9154224544204,-27.6725645811524,-39.6630029504268,-33.6895618490093,-68.0192385146592,23.6187921091867,157.408852344277,67.8509435110959,-51.698761266994,-97.3970850972947,29.6424718628531,-240.1276611075
-63.4057603703397,-7.26810030059293,37.6278905053731,36.8196108822426,70.0837004695026,10.7653860247205,41.4120273469729,-125.37953870228,-67.4760390949804,14.673475631303,139.512078267031,28.3783261916548,-28.8724039404239,-70.42094200865,-3.09680641832232,-242.975331507335
-39.4202226568936,-14.4207936694641,9.53823654798837,-7.27440551425747,84.8508317895081,40.9849891825359,97.2080338786945,-145.642309936549,-44.2852802479097,-3.92761137893228,82.1667363653019,-34.2595139976123,9.89062818586601,-13.4845269628917,5.31250663771451,-196.465385569029
-2.62340761785041,-23.2420028324927,-16.8940473042105,-52.8982307452265,59.2446100116019,70.1205053523357,154.726390038231,-129.918820131962,-40.1906905064053,-36.6554253530364,-7.40261305370979,-36.6642142100418,66.1204807762164,47.068001038581,37.4070875199911,-127.56628847553
17.1892995230813,-25.2396020333261,-31.1474516794241,-32.8951113418328,35.2119179847253,47.8102867767409,95.7278698380587,-55.2545832801291,-42.5825141797386,-51.2335128539505,9.85181188046221,-18.4936421967341,67.9731493690583,47.9285932016004,23.059535431097,-77.4616706952497
38.2793658021964,-34.0395332593133,-16.7076180641312,-43.2776387656579,27.1049342275083,-0.119023376634928,39.0423736681849,34.3644889030676,2.54168094339398,-55.4780338944444,-10.1939202080597,-57.2455174752162,30.0464805538232,69.4373602805702,61.0084400386274,-27.9882818623415
34.1572262063013,-59.1378906434695,32.5586562500995,-37.2216664755768,-0.853104598760744,-11.1402776230914,37.2106633000861,60.5551544605678,6.03133830503562,-35.7395625591528,-34.5236978831309,-85.4538442981998,-8.13785944287611,95.1744658513729,112.295897940135,-36.4548175830925
20.5626952376057,-56.2510615083614,44.6230013337789,-10.8229321065471,-32.2445088597296,5.99269024535324,33.0705542865245,42.5007669183398,-29.6772563353607,36.7320289896398,-13.429930788077,-58.1266253074524,-58.4267414161244,59.3219368172125,96.0252578751807,-116.911871287652
39.7449079803187,-42.1219492053956,-3.80643143430499,-8.8445446430857,-49.0736540404754,29.8403594315275,37.6220081497517,39.5156944458736,-20.6124107991238,88.5375819501731,-20.3387988409671,-71.4732838328365,-74.7392379457823,33.7708492074554,79.0316922241061,-223.236119031707
42.09018511887,-52.2300493802755,-38.6576907856119,12.0490307844079,-10.7953993306761,43.9856487796394,71.3167108494827,-26.0563601409126,-1.39357023309692,41.4662388905488,-3.41662482245343,-54.6754634611353,-32.3187120784042,24.9606073119154,56.4141216727374,-323.771704171344
27.8205974909153,-35.7487560520881,-56.3902938891526,20.4864373931611,25.5766748699035,28.2663587885841,109.004971426688,-99.6582578800848,33.8404464171807,-13.8016698928827,49.3400197949555,7.19206557675366,-44.3194760395978,-42.6525379509531,-39.7855675383786,-290.068240558509
24.33159441934,8.54134880926779,-43.6130679927361,-29.9532827240533,26.8653393729629,8.75767054801918,81.1178902723363,-120.099661377974,50.2989663889164,-4.47063703738671,81.7986742031085,-3.7380519457483,19.9196106993807,-75.20150848466,-130.53734337372,-125.151296740322
23.1463246898774,25.9943850897714,-20.0279514009912,-61.1076940839621,-0.453332205307206,24.225732849946,42.4634194074556,-101.443502662001,1.10257424991969,24.8818882600336,66.6576881309876,7.55934511083396,72.3485992691816,-54.0179331066171,-100.499472064138,-3.69157406746729
36.2590687855626,-5.74298810135002,-19.8222316834621,-57.0584033173422,-12.2190880511545,40.865256155553,58.1930937369732,-51.5139461771305,-10.0699995789536,33.384614433117,-11.0659214186818,-14.8243896771356,35.1638539212756,-27.8116403802508,-40.0954389070682,85.1494207872491
39.7095570589492,-27.6479217817985,-2.70617624944823,-33.3963474758407,-8.37551153926497,17.3679329082775,39.6776418275213,-50.6524479162336,74.5969623788426,-32.7642855697216,-88.936858614812,-17.7197171096408,38.5080258819338,1.57381862558694,-54.0979184874412,298.243894984392
16.8874449711205,11.1972578876453,10.8861283050798,24.0324441656769,-57.0587737553867,-29.5311087732765,-56.4019609921778,-6.56611546859799,149.19932398939,-99.8009602531358,-90.5981017780302,69.631177304354,-29.7900674962094,1.05594133016035,-44.0159983631911,440.24002290674
-11.3682992740138,51.0159766822385,36.2671777373333,59.0388711627772,-88.8685910796738,-76.7675172882504,-184.445569729224,98.4762833839984,111.524320261463,-79.8890221868883,-44.7265039826804,139.809690661792,-53.8904407646447,-13.7870833364394,-18.2900472458993,396.194723824529
-28.5220946590331,56.8876235275514,45.0577256497287,56.2173063419962,-75.3096990706212,-80.4427167629483,-235.359527531002,198.367224380226,16.0491053192362,-61.507908130674,-10.0351810357892,116.887773036305,16.3810908911787,-2.45337709886854,19.5314524904743,260.538799019061
-45.0128586447818,31.6653304803822,27.1490689926745,32.0221189935194,-42.3821292454393,-17.1342285624509,-128.471280117599,236.337659462512,-64.0908839414148,-49.8444685041504,-22.1138896569459,4.16886172918604,16.1993200784104,20.4453261886612,137.342179883231,-31.8584460509814
-56.0823356688194,-1.38346595351906,26.91720545789,3.85182344382224,0.394399359319237,38.9302050866939,47.003783757289,96.5471736253132,-78.379570725702,-12.0285935063088,-62.1958321478475,-50.8336705904183,13.60563795235,28.2242800894005,145.274349556357,-245.129070258797
-37.9203959934614,-23.7817566864872,19.7949095410254,-1.033356855893,32.4058342430202,37.4485285645993,156.65651488981,-104.774867923599,-47.7474724878614,59.0078980489903,-52.7205654528348,-51.678037548547,5.68564293712734,-2.54315659640689,44.8273209171371,-225.688479048086
-14.934391074034,-27.0600593298088,17.2374116704902,17.4777042820174,16.9551045459181,8.80824787881561,118.951720941531,-137.473562058446,-15.7037740622679,99.186403526594,-22.5774269223074,-45.3319357514333,-27.611648417239,-25.6072973596599,-21.713867622928,-80.4848777057758
19.5676285665316,-2.10987822586365,10.4395900331246,-4.64191711267017,-13.7036131740183,-15.4029707179972,-0.576792767942827,-80.3419377195903,63.1243589035918,59.8930985648319,-25.3185297241396,-33.8188483080231,16.5576439390321,11.7678559560563,-147.117570131426,168.232343600017
38.7306762950278,12.6162169999839,-2.39277941614387,-14.0808675617007,-15.1550740852412,-23.3472608890107,-80.3818612676584,-58.309084960693,93.3330290528967,44.4765223681118,-18.8238927533662,-13.9225159245777,52.3750860064219,18.9388046237547,-218.721161977941,314.416657031677
18.5288715810379,-11.1898067799281,-41.042224751888,22.8735528005923,40.0848209130036,23.696019203459,-87.7231715246725,10.0047150091073,-10.5296033235457,3.67771395842886,-42.4821655985072,48.4218358092068,45.7794931250498,10.332508529454,-73.0235774705586,179.144143076896
7.31599287797201,-23.6659520461744,-67.6032015206538,14.1174310759513,91.7001243152722,54.570103928289,-60.7994582663115,58.9646856938572,-58.9350680082755,-39.1391311606019,-61.7579473836341,58.8711030576867,29.5615539710608,24.7924082781564,31.5478379992611,18.1729201865332
5.64598771601296,10.5690223530605,-53.9037268066552,-36.1780464693957,86.2598854652157,23.6124573967341,-45.0487980800316,56.5097377413848,3.34907575182006,-4.65146468913886,-78.4661785196053,-24.5146115471342,3.61972489989122,37.7481089433925,53.9280961144689,-9.56667460911817
-4.05309776025843,28.528957512983,-38.9611194830503,-53.8616263100518,81.4623465776476,6.74419760846529,-30.2856789246356,44.0996601666029,26.1988502299994,26.5963121883396,-93.8237502004918,-46.0720962989964,-28.4157902489335,35.9309407647466,73.9247531773989,-36.8616021733883
-16.2751214023055,34.765048474913,-20.857371356434,-40.1295765068014,30.219549977434,8.79726544323587,11.0562290405091,37.1707783238643,24.1468341411472,14.8030004853081,-82.8193971736787,-26.7599712018975,-44.3343871572754,29.0400908292691,76.9620423275264,-92.5888801275156
-35.6880929915802,49.4994460454012,-0.150799590822849,-45.2054430645754,-17.5228020500255,29.9993558380134,81.3864106027879,-6.4314358116581,11.7367703023557,-2.207596298788,-94.3876075374397,-35.4044453319924,11.8178826361918,58.8229231637478,117.110530234955,-195.125520543936
-51.3113418142078,49.0164915291808,24.8016481344093,-38.874571486835,-43.851645224879,44.6418297181749,168.625308620416,-125.013488486939,-12.0925685089887,0.286901664535179,-73.9899114426152,-2.93448937990436,49.8645725629973,81.494114709232,128.118197447443,-301.359512453626
-40.8811407552373,25.6305284699678,40.1761656051455,-16.6716628347396,-33.8512234245393,12.205460515275,187.761915403822,-205.956065605509,1.94513034492272,30.8417579839372,-12.5028376345168,-4.67193345719148,23.46671992781,54.2920185869613,82.4322921916044,-291.745682343937
-21.9182568459475,-19.1608028005815,46.3288709747217,-0.804342538108706,29.6584870348225,-28.9514788495513,131.916771023687,-177.856064098478,-5.73087617476227,60.1131474585202,47.8458330174812,-30.5660352681595,-18.8516759101904,-8.64807187741728,-6.02009695781742,-142.462402310434
-16.9157403116821,-58.2640358770008,42.8495769791766,25.0546344860782,79.8246767222626,-39.4757909912522,44.6901361756511,-58.152025535906,-73.1175877061051,11.6815155187684,109.178295740438,3.85402523633895,-4.3287589164719,-54.4228092924447,-90.8615330976631,-4.0863762387378
-25.9736368646007,-56.2438756633834,46.7877934354755,48.1295854054182,92.8042450463236,-42.2927455126329,-102.798758725616,80.9216522224145,-124.770357948297,-7.0365843383118,147.891015016318,38.5277025356303,17.296624582199,-80.7908845862712,-122.157151604225,79.5540609325594
-24.5980237877156,-30.917894756528,45.0138651594672,72.2746396175423,40.6434246693094,-50.0093060182041,-214.501717644916,181.992775537754,-113.910027560839,14.6719262100802,139.53680065473,45.3082656207145,-11.6503630104187,-108.058316757145,-84.7536328591446,162.464402715298
12.8939859465611,-34.0601808381813,-6.03559875471462,91.271306716707,-17.1133860053477,-17.7932965366277,-223.472066705221,221.769195228184,-77.9584653749357,14.1354313808019,101.821974636223,6.21397586071103,-22.3517305508547,-97.6293073245421,-21.2677952028091,141.751993906697
41.9990190322421,-36.5171243242243,-49.1073835169337,75.6657192034105,-61.5103782371529,45.7260059385152,-146.11013654901,169.712549985095,-44.6874247219925,23.4593985289543,63.7401007156641,-45.4625627488687,-24.818165447257,-69.615055490205,24.9429673179808,31.2363967047151
28.7397176639869,-22.5390904280912,-47.8867499886885,52.8250682985055,-48.0701226586881,48.5701372771367,-27.603184219396,34.9583994730312,0.671577089775667,28.1231438590834,29.984374530263,-73.6284036118256,3.23060801882795,-57.2713279309656,-9.83387230987998,-8.30803172889762
21.3284147624183,-12.8900981056016,-41.6465145892769,16.4706103867775,-6.34790625408593,23.629241641041,45.3386646331044,-40.7921887506708,21.1725990641825,63.5668037185609,-26.3772937257933,-106.943677797434,33.5671553948823,-31.0471547715089,-36.1626548825372,-2.00965775020323
28.2750297259756,-27.8073261784671,-6.36346052466398,-14.92205587281,-10.3833062126006,7.32035741140374,68.2390264359091,-39.0548815987355,16.0102679898924,85.8037868667909,-43.6516851581971,-120.022048599285,15.9435227519101,-6.44826543467454,-5.61271705312134,-4.5303945716025
29.0823070282499,-30.2661465885653,17.0029419469445,-27.8521526009169,-28.6806901129886,-7.01078808643414,82.920129649187,-30.1739156099062,23.6100261517581,57.1743034750305,-12.5879505891886,-92.793762316888,-28.1049359651888,-2.33147642960188,-5.40851756327208,-9.03589131651707
21.3155269882116,-28.0443572331425,3.73747909464393,-28.4714493901944,-32.2915471419051,16.9904933101791,108.201733064606,-4.7619804836813,-9.09601016763171,-25.9773872924676,2.9074251521036,-19.0204076942601,-37.2150587716515,13.0738486090902,28.5565390110913,-45.0660472108399
1.14607306911205,-31.2074905553814,19.3820457479449,-5.44457398571006,-24.2289569537793,12.8792314734994,99.3767300572882,-8.36425888584684,-24.8040894415243,-66.7322787405095,13.3688143478663,45.4255532309518,-53.497637238939,15.1571686937429,43.2864179548031,-35.6835777819997
-26.5161918718545,25.9452897215158,25.6098682030201,-3.95152030489751,-30.0211479516388,-10.6044096737347,70.2987014251927,-68.9211919948451,18.2251151955715,4.46630111692436,21.4753094934543,81.0265359436477,-154.983970849604,6.56105608044284,-11.0995941767405,-7.06272070456025
-58.5664577262045,99.855471912012,7.39624707578669,-17.1738365150099,-26.1179445953377,-13.4684860416667,58.5224988182758,-124.641819894299,33.8556277120953,24.3073946802994,26.3647545979224,111.090316260038,-165.844702062649,34.0248432473242,-14.9899532097565,-41.2621928070382
-51.3810001555107,164.103126266899,-36.0834703198658,-42.6030704234716,-36.5627317492691,-39.1507144069873,5.63532125746008,-77.4583224729247,61.2391223540145,-38.1294281531295,8.45080354139367,134.075091665536,-18.9902130399964,41.4502467635686,4.45337131629039,-47.6671804300119
-13.8150933401339,175.792900677781,-67.0243048325156,-38.9567662514859,-64.1164237768311,-71.1968393318287,-89.8980611860478,22.7950055052212,94.704193531968,-74.7430573195491,8.14708976385987,119.206235862917,87.2359563265679,24.5308849152425,5.03942128110806,-6.82151367630934
-3.97133534813072,115.078193338916,-49.813423512739,5.54468705162326,-38.3551125045551,-67.7018535875474,-153.62515831028,71.0697076152038,59.4262020566336,-45.8610781625056,14.2162770528852,70.7952929531848,94.605708833847,14.0892874191805,-9.19695373641422,78.9377026340294
1.25014239525652,35.5873052291066,-47.0264282331421,30.3634797030625,14.0712457862199,-25.9273744071178,-101.522707046478,63.944097498467,-10.0298875384431,-40.1827333336307,-25.8442205356396,35.5111917054069,139.690225190533,-7.23612575659382,-41.5817900474431,174.440265647067
22.6612620918623,-21.083444068715,-46.8507668366343,28.8149389120876,19.3588340138114,18.3093166380865,-39.9120357449285,42.1206652782407,-31.0627476569767,-73.6807622151438,-4.77001051470997,-35.2297439513671,153.951684636615,12.0761898721327,-26.2584729355717,216.971783836831
52.6192638521211,-47.998044677191,-38.3930531305006,3.91980019239936,10.2880629585627,37.8457000228063,-76.5720317949455,83.81924151316,-3.34818776361841,-77.3641197373135,43.6011891565964,-114.577801893398,95.4171901155514,43.7515402949862,-16.0870181741266,215.389615357858
62.3609581723645,-72.6821554217229,-23.0694119153301,-42.4569834946856,24.6622557382039,67.2059044578172,-70.7325854831415,146.193718067609,7.54881891575286,-107.43391519565,-20.1407237931684,-108.989725895816,70.6795117795681,64.4118287135321,24.6843430929917,150.148527870002
36.7561398854906,-58.3452844433086,23.6965253973714,-71.4185627070996,-10.1318661721609,76.1034028736516,-13.8386322530537,124.146455524982,43.9013719873855,-126.283689065171,-84.0844656424751,-35.5153603630829,-2.14800950598024,55.4607635804433,122.400875549473,7.96981785693018
19.1535374726343,-38.5544345750837,39.7935994308292,-35.367627747156,-40.3937011726375,45.9912258809705,27.3908757243045,11.1845414308166,39.2269204976317,-50.2433959211846,-28.228292084755,53.9176285549133,-82.4979383345258,-1.57131752042491,144.812904100498,-204.843342252776
14.8339989006286,-52.7564998750771,17.5354015345494,12.7553514958675,6.04691279202131,28.0234827124179,96.855041355208,-154.824003519497,-38.7701949589887,50.6960257145062,73.5809715646451,99.6755156341708,-84.1800097549307,-42.1991549324062,58.131079360807,-351.051551170818
-2.7969248038666,-63.2679908236834,57.6999098077478,8.73869041976782,16.6846295129025,-5.31173044282525,171.883410485056,-219.712414758963,-47.7174055145715,79.5639406537708,102.622915397867,69.7335776063186,-69.8100561085204,-64.9525386339027,-42.2155864996442,-317.800626425409
-14.4061505756751,-53.0281414975442,111.24551580032,-41.8968276605533,14.860697171648,-42.9758855983595,166.561597231203,-165.615718299104,-11.7406133739642,58.3709224053607,37.6858170413481,44.7579477922697,-31.2730066777893,-45.2890363521768,-93.6725823294406,-164.735937066576
-4.35262892471862,-15.0873741078671,97.7959779013139,-71.1711454643987,12.2528404330296,-63.9647215851151,73.7783398702908,-85.7334526793069,6.01269627938491,71.9131185941335,11.3387629996266,29.2917488754147,0.834065729817013,-15.7779429094089,-91.6964836783134,-95.1772110080109
-7.57129948055796,1.07669352499259,86.9189281918426,-17.2126687232473,-26.9285251180855,-81.3743502809034,-12.6717026227413,-24.4957061847361,-2.93767398058564,73.7633951017511,66.6934668697547,43.7600255662442,-32.3821714794354,-20.2495213634423,-69.0543985444135,-98.5404204683419
-20.0075099559489,-9.76702550618716,85.2560866610471,52.4396420766472,-59.3680990896965,-85.2280453980475,-15.9070232011917,-22.3185696628463,7.891340887929,22.0889007966808,97.036089723625,60.6870324306992,-66.0480135798491,-27.7549344095969,-49.2293683129273,-58.8347051884157
-12.3182268232003,-12.9527987303769,59.7236110572198,32.4084203581575,-52.0178338514401,-45.2701946905326,32.83829163151,-43.9815244081301,32.3603508309941,-9.49203334794108,28.4490838836964,6.18205985395174,-10.870464711732,-1.38133495395316,3.87130902152627,-39.3414394862756
5.94815162205191,-34.4362982703584,18.3685847460046,-19.8530562276304,-17.8035653763469,30.3253607527664,94.1600324133711,-12.5034090987609,-3.58417267207535,-20.235600670761,-82.6273634229644,-61.38411231641,37.0895191839867,59.6299784922675,76.4499104843749,-12.9334501752578
24.1902904204723,-48.1777989527929,-27.3185049430007,-22.6377946624252,4.78654286207846,55.6927846646937,109.562301399946,21.8414563304172,-31.2321416403981,7.31999954036792,-107.705314904605,-89.0293379221132,-2.65875927567976,58.7670243948245,61.3758614401223,44.3812545721854
37.2708099813977,-58.772361422867,-40.9248778992563,9.06054886594816,50.3274750015932,31.4323608819915,25.4776121772261,-13.6744026291743,-5.56672466490199,40.8507863960028,-96.4216776883043,-69.3951808676233,35.4216022609657,25.26799623387,-3.77874918393982,92.312394818767
26.9874725326218,-71.3166849523266,-31.0541389213763,59.7054248961793,86.4096436016402,9.10972749820874,-90.7858860691389,14.0277809408519,12.0224652688003,-23.4133632942257,-71.0181689767162,-20.4151272335607,100.412664697668,14.246598103733,-4.25286134017404,98.187024305713
14.34030412204,-62.0431542153173,-16.938707659974,90.5674495126233,78.3565415802393,-11.3272541660894,-183.797590175151,75.2726794451405,41.5717442095725,-111.943777010638,-4.49311724641175,54.3928506745565,78.7291517231748,-10.5306181775927,-28.4491773320188,96.349912269483
-5.63191768350302,-30.8670456799683,-15.4758345706667,68.5751732483625,63.0227237637371,4.12271651116313,-169.882685153504,99.1902087271415,39.4523949757932,-128.910922952894,3.86201857174734,59.2385377909513,50.5082973641843,-25.6447452520694,-26.0940160383787,85.4954468903922
-21.3871657510252,52.6419838581292,-45.5813697525874,0.217322475398023,29.3894925308186,12.8385236249053,-101.729191978083,100.268577603347,25.1628556547626,-67.3085533265485,-11.8498223598668,-7.17884061009248,16.4744243092133,-10.6469527445096,-25.7124938298577,159.981587693136
4.86427375703298,105.540710884811,-55.9697012935114,-30.8349898576905,-23.8711611914441,-33.5545582901291,-125.106040282596,70.9383280380127,75.5780151729698,20.632312758126,12.93584617662,-44.770210063738,-15.2526137493396,-5.43793264703201,-119.536445444112,336.201125613263
15.7581538220948,95.1124074360122,-41.0993249056583,-7.50195901626236,-54.6746849139696,-44.5159265451217,-130.686230143621,20.1262371672347,83.3348850255666,68.0350559740592,23.0731611175493,-20.6703523832259,-63.4092281671574,-10.658346602031,-164.038947930945,466.869714837744
9.66521304810392,67.4221721155287,-29.341720546992,-1.16640231508434,-38.6274829259775,-34.3912248151929,-102.757378960903,31.2132692871899,38.9524146109984,57.1915011944654,-10.3528123795913,1.33645877749814,-97.0678709767243,12.7211464075422,-84.5725037060572,504.031066396571
-12.8533422024305,48.5206508581657,-24.1961170287149,-3.98572622464605,19.1225146398534,-26.4249786912137,-106.42001353742,102.162788400953,-31.4489502090163,33.6234044897981,-45.1352807135782,-17.2133237358976,-52.9679542620424,26.8766306240827,36.0065558197553,401.347325300648
-50.4899815038849,52.4921956957612,-32.3583436395825,-0.99564191146986,50.1732345999106,28.0009180910795,-63.8088903948632,93.2956797217013,-109.780510914041,24.1345126984653,-40.5105717577662,-35.4873917497129,15.3635725818474,35.1002588633303,127.095623094843,131.73146211663
-61.1679586128867,31.7596234293319,-21.3418577540982,-3.07064784491084,47.9199355243508,62.4509422243031,21.4846683159537,44.1498739207261,-128.9015878404,29.1115441388584,-18.1296891891726,-28.2912192408838,15.5613325274332,16.9188377005356,157.116770507548,-228.91118158357
-48.7819609822743,12.6983402081433,-12.1784984957662,-7.74326937005752,36.6862889754207,55.3655896305355,89.493682508104,-13.0061828124049,-87.6399605111813,57.441432193,13.2314525625676,1.33630912719548,-36.3220904929993,-44.0729366894959,101.162719657979,-513.997811909126
-53.3091036718331,-4.13502223903831,-9.01442497882346,14.8778468737396,47.9778307649712,57.1850598407245,150.676345603293,-114.554813268892,-51.2294939745629,47.546746944555,47.7881025377166,23.2778088647395,-44.541852435672,-69.427273973658,48.0665622688876,-688.987752145849
-64.3408816808089,-22.8281019882215,7.096507469529,29.3737678526314,68.3883544182659,50.6886076729076,229.611712258052,-226.502138704917,-31.6379285069988,24.7207229550573,41.6243898292035,33.6431448417285,-21.6405389649797,-51.5986141774903,1.73902947536489,-669.630511777468
-32.641943713256,-18.4594241296495,1.01473580230154,3.7570900666942,39.2486242658278,21.863817085055,257.15389961777,-240.767294201747,-5.14351695907834,25.0269475608433,29.380076786313,3.56062430738814,0.201089785666795,-26.045114060874,-32.1915234103418,-460.98275111704
2.06756728695315,-14.4055228963165,-12.1706765510101,-13.3003433498782,25.2804113103403,6.576905200345,174.7674141086,-178.342343186922,20.1461170666238,17.7779187143697,0.506958498655621,-23.6883258986192,17.273405519951,21.9014722032014,-26.233027386443,-209.167760342622
24.6492301948645,-17.4368266026535,-18.970874274213,-24.4713992311462,8.33923379569533,22.8400697838822,76.9883962470055,-79.7481321595898,27.9317184983155,-10.3638343342626,-43.9584118969646,-67.9245313214025,47.1502512371845,96.3536289253082,16.7739532087986,-6.94535616005329
49.3549194002572,-21.2209279445355,-22.6697251006608,-37.5233663162049,-32.2495398411308,20.7870455802162,25.1098847816259,39.0855829383028,27.4572202498915,-28.9243949351119,-61.4119698103579,-113.622567578039,44.7952256653103,105.753930693207,64.9543943549196,145.620128697559
60.1760145458854,-6.50296625081748,-25.095393920378,-24.6007666916864,-72.9551296739946,-17.6167102862911,-43.5306831419699,148.431482341091,52.0409041716251,-4.66729963300213,-84.0780773593529,-110.286983356149,-28.6710825170967,62.8153559750835,87.0763327060799,272.995110415802
49.9321540482467,14.5749557548976,-34.3892414870422,-16.278606872542,-85.0342284042195,-26.6836939840543,-69.2049357207453,204.08229870715,57.5126336828125,-8.43011429949172,-96.1537662479354,-111.415962250318,-46.0572818921728,51.8126312417127,93.8085773775314,280.00589159905
32.675509803799,40.5320743966046,-26.1416175689629,-20.9057574943048,-86.0479086673923,-28.9565083141154,-52.0815339136628,134.346878369514,55.7201083382286,-2.30676790735879,-43.0500633126157,-56.3408680427965,-27.617130666878,-1.40084136433433,2.1757932995986,259.828132181156
28.7952616835797,70.0245392923906,-9.54313621880119,-8.77107259249415,-129.137839148881,-36.6319535381892,-75.6117131807674,45.8513745437885,49.2761670719224,63.6976174776476,61.1445619364362,74.769205943538,-96.4097787072122,-98.4833519221181,-74.6790078345506,155.412350982905
4.90260632311818,23.1489518062695,-0.792325199108979,24.6573689470462,-88.9714313472486,22.6213295901384,-34.8570782456474,6.92979400329274,-26.389690592705,38.6520605171075,69.682534107671,158.04897770866,-114.091429108485,-100.939315055058,-63.5847376904384,-19.2718987486215
-35.0409977562536,-59.1085170478884,2.66195978745736,59.5916893418521,45.1158749894738,97.9635742272092,30.7243401028559,-43.8723696732315,-95.6550492536547,-84.5908889724529,-8.81781285421755,108.247917445,65.146267556805,-3.80824165419563,-41.4255589869984,-50.0890542199321
-36.9935237739543,-55.6910388971251,28.2774554458554,50.6919609117827,74.4878123085168,66.1063664082369,-11.835181045605,-88.3850367394312,-47.0934458397463,-67.2592398833325,-32.7921854102293,34.5367079761856,162.627410251652,20.423771643938,-38.779505903249,10.4923095102585
-19.6619986057199,-33.4373053459474,79.743926501247,26.9063689461162,15.5852776830695,-21.9681695479862,-76.6063982309961,-28.5235642444783,0.570008231155185,34.7967454096441,8.12532462177879,-3.01283395750406,65.6210387943283,-36.1270901273967,-60.1464089478156,88.1264363732319
-3.41312102034412,-29.3203171239166,85.1875414140668,3.56024209140952,-1.54404608532025,-44.4388073665767,-111.506679023009,49.0557497711728,-34.9378445091046,25.53261223752,76.460513965787,1.34805014524147,50.7492408952395,-52.7234864865216,-96.487866437874,191.978860927255
1.82494645194092,-1.97190852124929,66.834003202182,-27.0075839143981,3.54103231856168,-46.1707628639504,-133.583600346647,79.178538095493,-38.7392627877709,0.535473357769177,64.9954862146302,51.335661235973,50.8568388643958,-32.4642741245406,-114.064776712888,265.513786071861
-7.35984339959578,10.6825353815248,53.9331318594844,-22.5826135421714,18.7905831639432,-60.5547794679367,-137.414192030903,106.405246502627,-23.0750759645992,-14.3207955444035,16.6463483348518,66.7425558883128,6.25513029683037,5.24900919963568,-38.7344688650798,225.72950712589
-4.38453160866377,6.62012319103682,37.0008033696151,9.30949342937009,-2.0625689711575,-80.4048953961167,-101.412646127961,117.650389655727,-29.8520242217566,-28.6000146595668,40.726238478151,78.9902285610415,-33.2596249145047,-12.4939826561455,38.4129629995561,106.68245913034
-5.47108085459609,0.990676545231494,26.8349140093265,5.97318019344445,-8.96371474995395,-76.2635765496519,-13.1748343384889,94.2140633895938,-30.7242937563495,-21.1246319635062,35.4404743651392,64.8267484787636,-47.1015879397471,-31.863125749569,81.1837051179654,-111.236065310571
-28.834570910319,3.43730569661225,29.5100901746679,-21.6120887923101,15.6009847840397,-25.9335613777073,70.974980172203,23.7997716742043,-2.31137036831412,-42.0615290761168,4.10563608220684,3.29240596951493,0.756185612105782,-2.44540534626073,95.5978529436155,-350.81913418142
-42.7415277124326,0.531779099278253,19.2515234920677,-26.3868286211929,20.1484499990703,27.8371280317389,167.17186574853,-73.4758752365636,-1.49549606710582,-41.4673212271663,-1.86599363048691,-43.2028801675651,5.93897212378351,31.1907316732572,100.66928162577,-462.302498046556
-28.9244195249125,-23.3539685599563,-14.4625439796008,-6.54236496854219,45.2930974402047,55.428760556288,231.459238885608,-177.913133223572,-34.5617956238634,-8.74599426222028,23.5431443880077,-43.7468057113159,-16.7524973114773,39.1858172054765,83.763830144512,-434.005848336777
6.3256491593235,-37.4985988849085,-51.7784757050705,13.6590190592373,41.9382614251656,55.7509476014373,221.636052756825,-215.964654216198,-23.9932701496251,0.282027920511894,62.5112774981699,-15.3639331711163,-40.9681292892128,5.02288547715514,34.1038911658752,-323.578874490243
37.9459149996753,-25.1907807929025,-111.662304881459,10.1661292619382,32.9290068345649,71.7465588864586,187.63995748992,-166.929737631207,-25.1598070712443,-3.67362698812138,54.9814295196605,-11.5963499765477,-57.4661187928805,11.5688033967764,62.6607772822708,-262.061461571001
40.1780822132628,-7.19915801715757,-119.407038568444,-30.9477741367775,39.6711685632217,91.5848244739727,138.630305944351,-83.0251018811196,-37.9615199295129,-4.45577789126085,-25.8091411104084,-42.3019643252669,-10.1210112423402,70.1408752686056,77.2328552541664,-139.895016239871
52.6512654565934,19.4580477581899,-54.4272320106767,-76.8696380250714,-6.20714813273315,22.8261242954724,40.2144988112499,-23.6436450211606,34.2710182448748,71.6857182150569,-87.5579728384988,-83.6472776536741,21.7208707534114,69.1550154969099,-46.5009967452182,141.014865980478
63.1064991545396,79.1863877208637,-0.049890220140604,-81.2542831236291,-87.7623628218746,-86.4706236356161,-119.559865433802,38.4185316464529,145.614735540075,126.481167735843,-57.0747968651882,-77.7824314342481,0.0240765105081095,4.52260710441647,-98.1632183807399,331.790911852855
47.0594330423769,121.209349452875,10.9122245763193,-57.5290053935779,-123.904699464338,-123.762244328806,-238.160874091541,133.340522045666,203.330852929321,38.8083999769153,-12.8346767456654,-64.09105902591,-14.2179178487094,-11.9421052263995,-31.0337236623853,425.928271591135
25.3044185752883,94.2563851496206,14.6780776706314,-5.24212773096843,-87.1264333960349,-116.849730695243,-274.276725275463,157.983288058697,184.994595643593,-3.75545473663033,5.37888205085858,-67.1664753776403,0.568479775286391,-4.25585674850257,-120.595998953519,515.682786159333
-17.2927384104165,17.3930461021132,43.2395560079338,47.2392293152717,8.61141705268711,-67.7216670405464,-229.301406396173,110.093532190544,65.1746831670694,-28.2592816334373,-36.8879785383991,-7.59836255142005,101.292477728305,17.9677904797535,-143.964326318429,392.4004985348
-30.019447112283,-28.186347350638,68.2833737404783,84.1015514697165,1.27216420430775,-54.5257276348659,-171.704738040534,108.859559209628,-18.2502302006042,-18.8349960234568,20.504840301937,64.8850332378632,29.7549532459868,-53.7214141608787,-80.0691204805258,188.805018579508
-0.695679626065199,-28.6657277334429,64.3350287792011,76.0109185721099,-74.146319748689,-68.0043677799133,-101.131603582899,98.5632736567318,-16.70427014223,64.0864817419263,103.653109949172,109.927407613302,-167.298504121727,-163.318251290641,-117.080715658301,117.529387608268
8.12819762907605,-52.7925127606886,23.4323766913664,49.7668378628946,-23.2930459909475,-2.91363387929701,-1.60566078600584,27.0165510379314,-38.9933319614082,29.3033018014407,41.9775410997958,100.012349693568,-122.573923823286,-118.664621160859,-70.9901994171484,67.3030502690208
-0.865135803647541,-77.4682728048175,-4.15591341872257,49.6981442114484,37.4522859528632,55.8328685636502,27.2971920533511,13.4706631887663,-72.1657310772875,-67.3291188642392,32.8573867391907,65.0678005179521,-31.5311609722836,-41.1290289271394,4.64695832510701,-32.4555671646566
-21.3960307730909,-87.9993502173836,4.83077971120291,37.8376876084556,100.333227133897,70.6414877612205,34.0068282333809,-6.84441553068494,-97.7180234119297,-117.331758677939,33.9772025357829,72.2157075285289,60.5985728775231,-2.44256558563253,52.9117948960763,-253.746478606792
-35.6603325209159,-66.3770287915974,-7.9190249077394,23.0294134023256,126.392425467129,75.1984447476666,73.8843900201526,-63.5567664519442,-102.720920747554,-86.5744063574441,7.17476550553306,32.2293027857203,134.498146599527,11.098636020849,62.6282823586139,-360.848703543237
-19.3298814587463,-0.284839849793016,-64.1025949981088,-13.8973931559574,91.7768555593352,65.1825934782985,108.853815284354,-84.8989947266364,-65.1733035223237,-36.7015264110748,-12.0170807484477,-26.364732201258,127.44726774616,26.0969468196595,51.9133594842379,-289.131769924258
-12.9007245603365,33.50657873789,-93.7436235891871,-28.0843039589573,75.4600799227453,44.3573898243253,148.460177212005,-99.1015469507858,-26.4795386241267,-14.9528858454841,-54.5700776301912,-73.5194071154991,125.924310832747,42.7385044864022,39.9845763001784,-201.607748096349
-23.8910956624125,22.4070429585134,-53.3929111132508,-27.8036622310111,27.5634491930064,39.4468464155913,226.2407828777,-119.234618110325,-6.24814591007518,-33.452481521705,-107.879837890415,-109.866445800914,101.81715774259,77.2763615162023,29.8449662982518,8.1895438572991
-18.6266406846683,-5.97344498293137,34.171153975261,-51.8631914776422,-21.4622721467433,40.2196065943203,181.616215902571,-104.936885937599,6.45632398165058,-26.4411577787683,-155.884581637798,-108.071532764564,106.024070861502,138.534555058721,48.7161968016266,185.145335744761
-10.4856309800077,-24.1269251001716,64.2901138346972,-32.6832101615622,-37.6035068752359,54.5262504963426,19.3812088195932,-6.78941110495584,-31.2223761866612,51.9102300245437,-187.640285793644,-87.3252801530862,87.110527062152,162.643721472496,87.7237108855794,207.095776296337
6.0221461872726,-10.225753092169,18.9145128203061,-11.4304747430918,-15.4123236773897,40.725245781035,-80.9710555962569,51.4612435156822,-19.0823907665533,88.8767512238759,-162.605198853406,-59.2603382069337,27.2928949392177,122.570616962038,102.739208069849,125.940642795065
22.1117633998663,13.245782295312,24.6993211390413,-3.48436626103859,-40.1101520877949,-12.2755121833599,-154.097992988136,46.4365922247312,46.2620162196889,107.074414086603,-50.958175576991,-6.55157757730314,-46.772108140213,23.8804073911522,40.0499974228874,58.3109925021588
23.0208739742991,24.0443179042546,23.1041276973165,-22.3596181265741,-72.6320001902456,4.37533489951721,-114.639388809895,54.506854322683,65.9051671926851,9.12552758644068,5.48170699436832,65.8843364045701,-73.1432025431186,-30.1599237983642,16.7019886163391,44.0274645373846
13.5509615997025,48.1857371674928,-9.8026758896243,-52.9243613332417,-41.819358971189,13.9623738451586,-37.7613425144161,22.830053766165,59.5787225052013,-92.1736045308466,52.9003653595051,105.024940128314,-29.2739148189141,-37.6637572701709,14.9986942841722,-56.3694484426568
-11.756399597925,65.0972312801841,-9.19936230657824,-4.31736245528756,-52.4590456497005,-13.8592620646108,-27.0500894459179,-10.2177556247196,23.1286364227661,-69.7823643552217,142.441384472684,128.021661923505,-33.8591864883879,-54.05759854842,14.4409352445333,-283.354684895446
-18.4620124129458,52.1957394072893,-11.2988933123342,38.8115309039157,-71.385971333472,-18.3690332263391,17.9241989336382,-45.5429009627327,19.1687486103113,-41.9874048768858,141.344627271107,162.182109418908,-63.0920767986484,-75.4735220478921,-27.6946743607884,-411.578411998986
-15.9226579882964,36.7459903844333,-23.4149401741362,58.9153564216497,-34.5734455959459,-22.8055779592178,16.5015338585145,-87.6612357837899,9.63247915890418,17.718019498196,113.465625217809,200.647190661731,-88.747376722992,-115.112781740418,-97.6678593320186,-357.323181260688
-12.7130531683899,16.2902966872709,-47.9891481264084,69.469303261498,11.9077548943324,-15.359442895299,27.2121035116114,-83.6485611542467,-37.076257650196,37.494269216588,142.935469002383,126.962101089508,-87.1075112478947,-129.075329916978,-75.7793927811759,-274.658167499096
10.028266273214,-0.604181584657322,-51.6263376022741,30.7796948362144,24.2171303673359,-27.7027316435928,74.8977133823346,-63.1175994090834,-16.3962643789937,82.1794894890941,92.9942712934222,-56.1182299667473,-75.9684423795959,-102.965549421414,-85.5845802950711,-10.3136964985574
25.9294545809575,-21.7465702516181,-14.2968779603712,-17.711753287875,36.120044690786,-32.7904681276525,70.7061952931827,-61.9956529656478,18.8138136683381,125.825048552066,-23.8242388650485,-150.476263978238,-54.3546888741813,-25.4787460734745,-75.2696360593529,243.883468157995
26.6871961604736,-35.2474594476487,41.4973951895276,-54.3782188032474,44.5683010030795,-34.7972069102078,1.56723070965318,-29.0235584296568,35.1601248642647,74.1595308663198,-70.2696344786703,-115.856201007706,-19.3053858107804,52.2727873629322,-0.274268464066353,293.164248111011
8.75706864855773,-65.0919256356297,91.97825112957,-24.2396499816119,27.8087859114447,-38.3888612631116,-24.9979295752047,12.8447537599778,12.3849024122482,7.33524445264205,-35.3288103498585,-52.4117099160071,-38.730707831485,58.2463612926941,40.503871661794,228.532554395463
-21.1412896358606,-74.7576729051225,95.2314656827824,37.5460959026787,7.92337813354909,-25.4921784566431,24.6191735777607,-18.161170427381,-32.6450931491817,-44.6508880524296,59.8130439398513,-1.23341994474553,-72.2938188920109,22.3993364369182,28.1723935953205,117.700574317224
-23.2871439015541,-23.1480754133188,39.2742300824697,51.7719950300334,-34.8131962447978,-8.87484076561288,1.33603861245884,33.103629954501,-41.5338933280775,-48.5494014054972,67.685321630986,7.8791211061732,-80.3871838146891,9.76563263564856,29.0371735619137,149.028945519932
-13.4500690301555,12.2376724685528,-32.0991079079171,38.2278535739989,-71.8829550797994,38.819213627246,6.06594030324639,145.048903758821,-53.0754012067585,-92.7016704637402,-9.60287649438624,-32.9209167495805,-18.9858945942171,53.6486674171546,83.5253006288586,129.412192969647
-3.79575979161166,36.0543645267357,-63.7786821093806,-20.5653443828326,-55.503807344824,53.8519256789315,44.5309024892254,172.04413481173,-27.1034913249517,-137.412553602244,-24.4085031265955,-103.308386882349,48.2109373436146,86.661585535987,128.05328547264,-26.2778612663014
29.1745925543371,47.8008271150095,-62.4484226536268,-90.7649530766413,-16.3174048287105,27.6575662854243,-6.68400710866035,155.181440319861,24.1859617776903,-79.024451419187,-14.9649356219022,-138.666505917677,35.3374615134315,79.6986777810656,147.191797124935,-70.4599014051377
49.2564784414303,32.0113174464367,-37.5920640862824,-111.239200786213,15.7891505312312,13.374898139939,-88.6466799767516,130.287985947811,45.9054331461287,-18.4217560136071,-27.8955014957742,-120.470782857715,25.9280764442442,85.8175708788247,145.825250811847,-44.5067423349427
37.6551326519957,11.2935373181005,-6.58061629404179,-115.736726031468,53.270552421313,8.89590100731245,-93.5625709650417,108.990221159283,37.7485266160434,15.3438609553295,-60.8928963412336,-108.390923131725,28.4054175294677,81.1981140895069,115.556611523851,-54.9766579745123
19.4599854610353,10.2821991957647,6.80114520639061,-82.2809057589382,48.1838293770689,-22.1060412410322,-21.8166836925172,24.3897130970153,38.5083484140901,40.2241150692627,-60.7098235473785,-47.2210912042956,11.0544931029295,20.8883193784034,22.264680532071,-8.3012386070157
-10.1828877233503,20.0572492634352,36.1190637719934,6.89423401436333,-1.0017637751244,-59.9761330677068,-14.0693899631459,-86.4687257681447,37.3132047822774,71.9163703254522,24.4905140735396,49.7922706578544,-14.0424708633625,-64.3743416237406,-67.3085260951864,-9.10545294516007
-55.0110047187466,10.5438677613986,60.4716521572996,87.0384092080666,8.46134770112382,-60.4401091493574,-30.6390989515724,-138.579820525351,3.50728096330164,76.880737497181,83.0002904061522,74.5559268036483,-14.8194847819414,-104.270177225455,-87.7509078519529,-50.4064977181218
-66.4823990043815,2.5329424851549,36.19092221434,105.549226419753,54.7463857527307,-46.9401152925249,-34.8575994335347,-125.813743965298,-7.96777186751899,57.2515034305502,56.1351852675039,30.2980160482647,28.0339112027672,-94.8249747091586,-142.073965020703,74.3791798317183
-35.4378703103712,20.0021384093321,8.43847660307769,79.5745431341746,30.1811748989388,-53.3761666148051,-76.545122351146,-63.8499415080065,17.8481260226135,86.6774745847874,52.1098965687556,7.12165334461602,13.0868776004652,-111.074390937867,-290.233492893962,291.041371102336
-12.85126003546,27.9242806695778,-9.55946086369945,47.540929892664,3.77581989206868,-43.4005020939841,-92.861485759309,19.304651552104,-0.505558270606059,66.7403720399064,39.7594860707049,39.4400283874471,-20.9773739823207,-92.9998529496708,-293.252501083235,383.767417623331
-6.8490903363118,2.85088306689045,-40.3793709348185,40.314860448916,34.7560416439948,12.4476908945085,-78.417996899777,61.236405647267,-80.6263907270536,17.3158639779831,20.2526267978197,90.6000765928745,-23.4787583323373,-49.1048271420906,-126.243304531263,219.61301073019
4.45404678811974,-7.7752292528936,-22.1923374768018,22.9191294956658,-17.6267217535712,36.8155200043852,-10.1790599142447,19.4384768862442,-81.2108593901125,17.8313923325148,49.8002478075832,111.065931303186,-57.9033403310259,-50.6096833755854,-31.9839889371825,-32.2956689292691
5.26434250711585,-39.8844722143196,54.6230418399988,-4.2806814652835,-69.5101319497029,31.857782637599,74.9608599556136,-29.1055271306394,-45.3593607088304,-27.874151970572,32.4339204260836,135.820600316966,-29.081737506133,-31.6886656407315,22.0753880591271,-227.420618550272
2.63196563196861,-92.4376974537586,78.3480813514752,-11.7388646757121,-20.698900477454,40.58701558538,122.160141120109,-24.9490523012232,-52.4347381977788,-93.523330510496,-8.4231173452709,88.8255431300231,50.2176349172956,19.5243944733911,75.3388776218342,-329.019719825197
17.8430008397442,-91.8007625956844,37.4299921096064,-46.77102920554,39.5946063661739,48.8448693291134,139.397699692093,-29.0286066155746,-17.4174310657496,-75.5147617037141,-66.4214441902869,-39.7093494958128,93.0009838430926,70.8814698631422,104.992948088148,-339.693884346093
34.5093189795552,-41.8452192769174,-40.5465623144665,-66.9991129092073,61.9809415642315,43.7987501601191,137.793782189096,-40.4877568173994,51.1919205948611,-27.3096336716876,-117.725030501157,-105.275192995915,55.708015573482,74.8067751374918,96.325815877951,-296.356355990527
37.3755458959148,4.90127099442499,-100.277004255982,-38.6849491939157,41.1187590545545,13.6984935901868,133.608187578039,-22.5460668210786,50.9694775595979,0.211578322616489,-82.5296486279052,-84.22171834493,-22.3371741070277,31.7754357230481,62.8808813077085,-181.121615133066
