-13.95349402632,-30.0839137336147,69.0231939304698,-4.09693474999909,-4.53500649167796,2.2925812479625,118.034405276836,-211.27668445199,37.6156571094643,55.7094312865879,63.3102079452519,-84.6477344624231,-18.8229203439724,41.5443378049002,47.9888155431195,-264.494431084467
-7.98924158025997,-18.8146164893618,-9.63885138304236,45.0944409342204,74.5460460578978,-12.1853691106903,53.195625132755,-231.19425229436,34.3441977808519,74.1361893815473,113.129393451584,-82.266519740524,-11.0036444998345,7.72566606722513,-40.6728447030782,-219.381113155261
6.89391464577662,-39.7898901526414,-1.69049109858803,3.88833712480371,125.686330754664,-12.5800888438146,20.4274560958656,-193.74522280013,52.334822756992,67.0930652258403,0.257079081649316,-76.0433504014458,26.7477398325573,38.4093450074167,-49.4307346253925,-52.1837628873332
25.3003292696466,-43.7646485174505,-50.9603425860792,-26.438965299852,160.861108462303,18.8911101600736,10.5164409437855,-107.771855909138,36.4850526878585,61.7126904094362,-164.008850907257,-56.1896618851207,86.9018883286059,49.4403721197952,-20.7552250369338,71.7520699408507
46.969046685073,-27.7997500716509,-115.856464781602,-52.8799118228198,158.874512672942,51.7316684020945,-0.244401383234646,6.05517108363944,15.5868441146909,36.2218812403051,-229.754044612305,-77.9537761966254,106.505679775676,52.7054407387982,37.4440553851447,133.959030789702
29.3972140623618,23.5000900791456,12.0947771390672,-113.732111756359,32.9417356821541,-9.203110876491,-80.7654896694672,79.1374936150307,66.1553446309968,34.2212686249088,-220.735463579188,-49.9846904668144,145.223931771173,56.3051057749958,44.6203840143486,190.00707822449
-1.18986101129298,48.3669568488091,159.24389854641,-142.225227561124,-101.631135815658,-52.019851793373,-110.399451116855,90.7937471158716,85.4892657827882,24.3413833557986,-157.421115386511,37.7459209454418,136.271737152526,31.3830626680934,20.9788382301517,165.180976655587
-19.155654209121,36.7417675865774,247.89232655713,-131.050582061073,-204.264987488667,-61.9900215102378,-63.1715938112131,70.4311383213655,63.878272763923,6.16229603008651,10.5802132578184,102.786331732781,-40.106121075993,-6.00125944769795,2.74363435339362,108.479030579723
-57.1631776408375,35.3849042229625,381.060489503728,-71.2924919893208,-353.923938446073,-124.96470610372,-63.3002179875112,61.1729203170079,64.8746545446377,-42.7415700165275,242.623385648163,140.93352906406,-126.528201489352,-59.2972041708314,-16.6321199865535,-6.99155916865004
-91.0592092228217,-1.43466883750202,438.951590205969,41.1076299841656,-374.136245438547,-194.667390886781,-80.895158156614,49.2974469072296,33.0520773035633,-128.34585828931,427.818602077267,195.223507418179,-109.714503660579,-105.74898138253,-21.0520270138076,-217.97245167054
-76.1864096791125,-2.18486069675379,316.155489870846,43.3240826292353,-219.381948355796,-177.133817400743,-38.3530175596023,-32.0227313710992,16.384814667777,-69.8241083366198,353.160901269986,162.093411941826,-77.2932470776608,-94.8428337854871,-16.7554732506547,-314.322144856454
-26.1065271603224,42.722135938755,115.23604504333,8.13500423761617,-111.861929298672,-96.5833592871988,43.417011547402,-170.086035104628,66.5386620182794,96.2871962048153,108.575955120868,47.8904624845134,15.8496818714247,-83.9511684344169,-43.3642408565963,-261.358618244096
-7.24514552725526,43.0570578136937,-38.9107977816483,56.4471728594883,-40.7732271703973,-23.2864999702775,129.839865324677,-255.303009278417,49.6070786671979,144.054301143103,32.3678386587754,-51.197803223349,29.5766528421336,-60.3267705364992,-60.7056029165609,-181.903448374601
6.28463391259384,10.7537786648926,-109.001226981105,51.1178765057232,46.2388564695693,28.6641776419297,153.194545949948,-214.104138322314,12.4544219814068,86.1320912081787,-50.1146768548047,-78.0538842496525,53.1216146195625,17.1323491821538,-47.9033106713879,-77.1890967750737
31.4035353705119,-32.131432448259,-214.353296095047,29.8701296149997,128.123690107384,101.13035159296,153.826442534805,38.1094926989097,-68.4545800584079,-20.7143905124351,-244.146903779163,-61.148526731443,81.8309946870484,59.4509467935432,8.27138856599865,45.1169094658127
55.8796752793696,-45.1036229656665,-361.999559782415,-6.57913500736058,196.91128054272,193.553638997786,118.998980146754,427.221743482679,-178.544842572744,-119.458758440423,-486.350452026476,-70.9514981293948,42.9730291264359,105.919165359747,153.899082216471,233.640851983342
61.9611544871596,-19.5800084863594,-328.043794654411,2.6114702587405,161.148116772618,148.418853008373,-102.796161662638,584.068921116577,-150.027190683804,-130.028061759997,-428.715313024911,-53.3805040015106,4.89382679975927,103.780725611479,187.654613271702,350.585735867327
30.3181528218125,-15.844369981504,-184.519826202991,65.618784581516,107.476751018159,61.5518826864552,-236.225550782343,417.726070637729,-97.6459583693982,-124.473921169862,-92.1409540025745,-6.381354918868,-43.3258498258228,41.8150931369994,93.09497710354,248.87625036394
10.2958391647978,-19.2703218538048,-124.78491303053,59.0536500398809,136.591472016345,47.0620983486081,-165.860752798635,159.44205349022,-68.9602192765928,-113.936532181401,99.4206564600815,-18.3061347733308,-43.5808307553124,6.31874815605887,4.14237977805631,179.851576018705
-10.5672441973811,17.144534513707,-61.4337623903471,57.4910454031049,85.999050746202,-0.747005346005984,-142.082926535556,16.3348136476476,-32.7074039996124,-47.4686737193096,269.632023414853,-57.9755016808259,-93.5332123266538,-54.6907482470356,-62.1329107949142,150.996931910447
-40.3957939881378,37.9283538026776,59.4648144711746,83.4841920418972,-45.1876922563511,-78.7782973768753,-118.436022250133,-49.598954407861,-7.44902306891683,-19.7458755485006,419.384145669232,-16.1855073856484,-144.845655811158,-117.719552883336,-89.9336950122408,20.9754016932392
-54.8803547383501,13.0796714789216,132.121379628153,81.118708247251,-58.7755639563029,-107.480456275408,-63.4621713573059,-121.702829699964,15.3698014518654,-60.0628522342862,345.667574279204,81.1050135294674,-38.2429556971157,-107.49469471077,-75.7316273679543,-120.713648943798
-53.1777578961319,8.95625350114423,102.045294251174,41.8690127945513,-9.85043529813296,-61.4162166040026,-13.1920440972568,-139.474301690543,-3.62418044103254,-65.1063349391092,263.824352505609,88.2197039854582,5.68722674442427,-85.1358170697014,-34.5604966119581,-216.627332163113
-42.5580216120312,9.40626130715187,60.8000304133297,26.5911631419706,9.07157176295677,-25.3385090238637,25.4421752487864,-156.01329601255,-17.2127290783713,-4.53352463737696,254.430412275489,28.3763114584225,-53.1331425489159,-89.0595513635578,-40.2489224168438,-224.082058796307
-22.7637165619484,-13.0932426217711,46.3648145104365,14.1883798367832,31.0261492288912,-15.3512597853409,25.0980088911602,-133.673471821623,-3.49977861093461,88.8907365206464,131.705339693638,-35.838099657654,-83.0009087518937,-64.3719289901473,-35.5443740576744,-160.893070808363
2.06860231359098,1.08260981582088,-15.7297516256511,-0.28597203628763,35.8301324736457,-3.37414393462775,33.0869345990983,-92.4883852609954,15.5009844501775,130.505869616547,-11.2738397940488,-47.4945004823975,-62.4693251885376,-37.7736457983988,-23.4652309715136,-104.014347631768
9.05649313589579,16.4071930303817,-74.212683040061,22.38850415159,38.6465805451297,5.85560134318354,51.6851261453912,-95.4815305506415,25.4530498088896,83.4159386442055,-71.6846262134067,13.9793985344071,-24.1860796301948,-19.6598078239182,-38.0850576790574,-66.1141512859413
9.0357575548207,19.5746088569175,-109.859676095306,39.3601832580487,40.880390535989,35.3339480601804,54.7862974229545,-84.6086186430499,-0.637099958338737,14.0687174233847,-23.4235185891933,16.0518490523667,-6.3083470797181,7.40072165325376,-36.2765336516783,-33.1761799335905
30.7872449736487,43.6632120409655,-144.245352222806,-17.2801392269918,29.4411030530882,69.8524327442238,55.081248004033,-41.0916902305366,2.45602425129438,-36.2750373297258,-15.8548355788989,-13.2279959611842,5.0361349103833,66.9691235683439,8.80117512691528,-23.2724292820544
59.5934532238218,11.6843365363012,-77.7096523400288,-109.967261458849,-13.8760364857712,85.6518381511626,80.5905262745276,31.4090491201525,49.060866814161,-79.8467850802138,-149.416071953304,-59.1133259955479,63.900180688215,160.448467713142,117.954607859427,-46.5915642288306
67.703891506074,-26.7726704889487,-36.4730263285774,-130.16614153334,-48.5634490258425,90.779851648226,132.431090941024,88.8255900957179,63.0471494066197,-51.7407603261433,-371.876710893832,-90.0462662112981,152.644835486732,202.557072000083,185.035612296699,-24.6846677398278
59.4001619872362,-9.40073971388684,-108.077504846069,-73.0717867007248,-27.2381836891683,74.4894721531494,138.79831087373,132.107350437572,32.9300069002302,35.0528055373754,-468.964249838488,-124.097458769549,146.487797096322,176.637768538754,208.307228448432,-9.05701359872381
30.7295857976163,-6.20642712664029,-91.6285280669216,-22.9623837508577,-22.1282582278698,34.3849634307647,127.94927287833,134.674779176494,2.45368545374509,25.6088963110853,-331.042229114776,-154.81609016855,101.920908935066,128.552251500179,229.323618144401,-80.0019834396
15.8137936500007,-14.4034636369158,-95.2661273489776,-11.9656107390329,50.1852702680852,33.3129457618297,123.414680945739,60.0740875694257,-35.9213555623693,16.2538106027322,-166.466916203857,-116.985321379133,46.6466485144657,40.6596159180805,110.539236983944,-43.3438281011219
34.9530758415679,4.01558382942389,-196.352561716998,-6.0331112659666,177.130439575997,55.211814998512,43.2061013244038,-18.1455488600412,-54.9049504980203,58.1454762004846,-30.9039540230853,-60.4076311382232,-17.7960977690153,-53.3018004908816,-132.994733652,151.360294677294
19.0316568017509,12.8494531481317,-62.7642194277365,-29.5428300129095,150.882208646662,7.83830456022196,-142.917544499892,-35.9880682324987,-16.487339585151,71.3181375596467,51.1194532363511,67.8164382983732,-21.0689443327118,-83.9902389150651,-201.722504633979,251.454225409648
-33.9677875076873,-21.4726302087857,151.351618497975,-17.6348511647079,69.4238604614413,-28.9605136797385,-225.148977644756,-82.3716088642969,-3.29214378249222,60.0823746844993,102.217375860103,160.801200167906,-16.810915613978,-76.3086988454245,-127.333633637245,157.158854202594
-49.6739525120171,-49.373153579779,197.789968724728,7.85217351991889,21.0144664280799,-33.4437959903081,-103.594431124989,-162.62615250724,-2.34014373758725,47.7340640223901,87.1492347121128,178.361231901807,-33.7258083837262,-58.9251388194195,-119.011942824565,85.6441012956204
-37.9787025578997,-41.7158562402163,264.249829381395,15.9845506769171,-113.219038464748,-102.883625840843,-60.5539257710635,-156.198795220523,61.258591954909,76.0235065341365,57.8056826373928,188.535671636783,-48.192348149607,-51.5907916245323,-84.9737244491303,-3.8840981272138
-33.659386150098,-31.2390819513595,252.067870026352,33.2872682372682,-171.563289826244,-101.519740927952,-31.2502682488488,-132.256396036906,89.244202485885,44.9044032207799,-7.09668344673901,184.61423333998,24.1963139788974,-9.87935100289207,-6.92898867232236,-199.169383592207
-27.3002529190422,-45.1371484080084,170.211626210805,24.9771758589115,-98.1980433135862,-47.4903596801411,26.4248629855375,-98.2108188159747,60.0055918578671,-36.272793509029,-89.541055021586,139.282843981499,131.382621184544,43.8288502280058,2.75406317599465,-208.837092488171
-21.1966997823684,-37.1043268754669,97.4874959864673,7.71336298708019,-56.6988101523627,-13.9890241557816,61.3373245535047,-26.3243311720193,24.7738250762367,-76.6631161870338,-89.7341061368094,47.054544340939,153.696000298995,51.5336800009396,-32.553602474586,-80.6612353227385
-13.3733565444511,9.69522147421221,-48.8604950098069,6.48909530760976,-1.08402575144247,32.8011880968544,105.459210839451,13.0041385405607,-26.298181961381,-64.4945608981082,-75.1073064126214,-4.9217659591169,93.4044537077367,31.6110412881203,-4.81378731524124,-85.1626884991445
0.183955839274005,42.748460599375,-124.700725921633,15.6856062916422,34.7192018058614,19.1919497766465,86.3791892895435,6.02281773603691,-31.4471921339135,-21.5565397241125,12.6649262147567,-18.2130323804491,-15.9857457353371,-23.2749340999517,-12.6710067190024,-50.2130331888157
-3.29021892080434,47.4129260977566,-41.2133344100921,-11.5332433491138,-5.89827848181778,-8.31184760541475,35.9043079382063,-32.6271165458545,-15.728800876232,46.55036367609,77.5160705158804,-22.2664062907527,-71.7773474323856,-50.7070700043906,-66.0958672673921,109.362583338558
-4.89308917250513,-26.218191105118,39.6580654121013,-11.1543270699611,17.2320498498243,10.8654890457534,-11.9205376237673,-15.3171174113257,-55.9561872464365,49.3850622063141,69.3156595166446,-39.3660367194059,-56.3382208414916,-31.77105166872,-35.3557613011185,202.907237438048
-3.91783432949124,-77.9310067399535,48.0506949201697,42.8886844522531,33.8234076344026,9.52339751834067,-27.7592343687556,12.0386844541337,-70.8672832505834,-46.5344526043656,123.502936482683,4.07832992017134,-90.501604087761,-41.9058513449109,-6.24449275488861,252.408509944777
-8.51440247098057,-8.63185505530619,90.2242787220733,58.1430676792857,-55.5387891905613,-83.9438051846946,-140.855698661488,23.9165587560677,32.2137594744849,-71.5107584049804,218.03110232759,76.0949015712708,-104.504129605575,-85.8179124640892,-61.2006253016705,281.345348601184
-4.04157749291223,40.8119322980746,173.235497739435,-13.5002582650897,-136.329055665266,-148.775178488792,-214.255636571237,73.8583733087308,129.044076307153,-65.9884960075312,181.634505299989,67.9675425325395,-13.0808713556011,-68.0982761947504,-86.549727762165,254.908036437322
-0.774043883474839,63.9458081519185,177.22985550502,-62.0085295692296,-159.897344953305,-129.144184618025,-210.599597762699,101.774942097352,121.854557551065,-9.72935535458964,156.338025606053,-5.26892251464619,-10.5943893720174,-40.6045558086536,-78.0497248327063,259.324412220578
21.3105703803301,85.640940321762,71.777917163833,-55.3640288652198,-139.795617504108,-91.2848554623923,-231.025217765719,186.192671447243,94.6353248174552,37.7711102553139,95.5050555121245,-76.6266745616914,-53.1432761164881,-9.41168052091866,-40.653091319312,327.705992958091
36.7170649366502,60.3392233709333,-43.2327240475307,-60.4102488093234,-67.2016809690822,-7.13637902085493,-127.759194056561,234.48235708148,50.5142243515767,-51.2997863620781,-57.5048380785437,-111.271280521885,-12.1924494829959,97.991170750051,83.5837893516751,294.490709109219
35.9470881902769,22.2509327079338,-187.500077942125,-16.2951181801105,79.4665520313508,81.9277233037116,-15.3806971672992,181.725750811734,-25.3423096844568,-104.293546571203,-81.3329274354118,-167.835845906137,13.5832254967591,133.604429452263,164.033840656531,88.4773851799752
38.9848949154566,2.71961856065217,-296.556102475507,-1.77905947361347,192.117096927395,141.042328440067,42.8049381753331,187.575646863609,-81.2317094404402,-50.8898497675857,-158.974613569667,-225.221790550466,17.5891708335364,130.07838004668,230.150713671381,-197.074902390496
12.7269285678202,-29.6221524122929,-214.385871837118,-34.5238303748634,174.70111697918,172.146161650796,155.10736212463,103.343573340746,-118.600116139114,41.7744243110568,-237.655168380066,-243.881698436909,32.6647534396026,145.339083461885,314.017100420182,-490.184309773135
-19.1883253705393,-79.3980869242363,-58.2982156189093,-14.9513153549323,70.7314138906299,160.33467487175,336.79011653538,-146.730123318798,-124.074387853461,117.609423678378,-194.836747194876,-154.521514997864,54.1507207949119,71.3294640598826,280.06177013218,-777.860695345607
-15.3354074214796,-84.5214787179208,20.574103813183,3.56009146323633,-25.4484331295999,107.891161792473,458.902643719321,-377.285442863944,-56.0207525275266,167.02724143655,-97.3172018304784,-23.0333306052185,34.6143681611941,-32.2370325872894,98.5541849661896,-929.904034875717
-26.692014011488,-56.2436279551678,75.2741132663213,19.8392408119101,-74.370324425278,32.0518654780307,472.037650924036,-493.524403640066,-2.39193853011807,204.598908727869,20.4672471314042,59.6786908012514,-0.639585880249683,-113.186554150117,-121.251747440247,-880.20263010235
-36.8694795876128,-32.7933976482161,89.6602408876035,52.9786053793662,-54.9582533779481,-29.75982398886,362.866742438859,-506.088611198405,15.0972371023489,194.748422707521,76.3939628834372,179.148167292324,4.70925866102222,-168.827910761506,-269.424976139702,-663.761247659503
-27.1426289484159,-8.00199654931406,64.7091500834207,78.3899419229501,-24.1518928181285,-62.8679170124045,168.005992508209,-414.334178843147,20.7974867366771,100.966153275345,194.414795895097,245.584874194344,-60.8119093876377,-168.565604466068,-276.986735226877,-281.569060895658
-26.1342800659125,27.1795267945157,58.7966812500337,40.2411944745584,-37.513838660574,-58.5390648989396,44.7311517584521,-235.534693017592,8.24653619866696,-16.3030593355854,237.43688774689,180.001064285004,-103.383055300795,-97.1293263756231,-119.979000459716,73.2656377444888
-1.21984312399805,42.4010557773015,32.5610848743067,-32.2923193064416,-21.7848657089737,-52.7591629630182,-73.0958562391138,21.4857128268316,1.98946789034005,-134.490951590894,122.459908827607,69.9164770352318,-3.4224256455289,-7.91524502433225,24.4213885563384,489.540207506603
42.5012646907966,69.5876697151223,-1.90964270442821,-57.8568287601454,-52.7199212334852,-87.6844870339503,-327.229434478594,373.855612517241,31.6726513085659,-174.513623358131,65.0723633334813,-40.0790552406694,-8.71451383445526,18.9045462841368,69.970775413863,957.981521168833
53.2736408543979,101.438004579171,14.7382625850474,-43.0937576761901,-103.662606638436,-139.119293261981,-583.026780299569,631.747119194312,85.9437930997078,-121.029105829028,68.2725751300324,-73.9390998729351,-91.02515675077,3.65094953262715,-1.95742964078987,1045.05367638774
23.3070519688493,72.0770206642433,19.968523031787,9.36248135963471,-63.5540277278761,-128.387786826009,-556.119962940601,605.34189134464,59.7088200578127,-117.98154560161,93.2288058488224,-32.7329868638255,-33.1562166557587,-36.0151355126594,-139.19051858404,693.647910458929
9.32577300507434,10.0166715098774,-53.6201614339449,63.9934612972263,16.3941556160188,-30.8775048481598,-319.154703014534,395.534578501576,-6.52253589200802,-102.999247322111,18.0342728037699,1.81365954342372,2.02445672903719,-14.4367332525269,-85.6710911519704,227.064443801269
2.76100611889101,-37.4913625743919,-104.709939801946,111.944400405093,57.2594459506201,42.7542076918176,-118.910680734217,191.313359574287,-64.6685903636983,-57.8802310816343,-17.6307912620965,-0.0350730578926459,-38.4599693461922,22.6518932406686,6.50505702998129,-6.27946698986753
-10.2761592467338,-25.8266639226444,-94.682915273592,86.5998562912462,50.3666933039966,60.2593211083637,2.39049992762953,59.3959608289315,-82.4379893638888,-45.8964755623001,-6.87797013037039,2.3724167166132,-8.08484604291871,10.5490617419936,-1.0998685618072,4.12161884485775
-20.7229245144467,20.7019886024253,-68.1060352988851,31.3066870453348,32.9251975439803,32.6668479258847,48.0074060409766,-12.8404780676205,-59.9422472222861,-37.7810601342643,8.28109473044037,45.8262909829686,-7.22716670872235,-11.699018739971,-9.98094500746901,42.0510398849428
-15.0616145546244,60.079652935359,-57.1829023928683,-5.41095233749978,17.3613108612525,-6.54409159220503,19.3796917149939,-18.309835626529,-24.9304127898855,-24.2132629410729,25.6667034635711,39.720651210033,3.03014405244443,-15.2060233776224,-36.4539714106415,156.597630341387
12.4619026643476,58.3203278566222,-66.8356244253495,-57.9865947993143,50.1461284603078,0.530052672433722,-65.3698519353759,63.218896182977,14.3660707524488,-44.9160187003008,-51.6491069806953,-18.6664211175813,66.1177694218331,52.8322917253186,-21.7475850874879,272.548588850312
40.9033609581822,24.3282044504512,-82.8446210956199,-87.3726053755401,96.8595329184576,35.3566006635739,-143.093424885891,155.499227142424,26.7095059385031,-59.621037732024,-94.3637310414596,-75.1930048646103,65.1621095291136,106.792911857567,42.6995277482814,206.308316723801
45.4367219472048,-7.53744227018119,-57.8618238615941,-108.45671299024,82.6941208358227,65.2690416648754,-63.4633332166123,124.072216388876,33.8005111236562,9.06330280909717,-156.680113272083,-130.766574975293,24.8289893862139,108.37031893076,90.3705261695362,31.7443689732857
17.530754413497,-48.8669452870788,21.0367658154348,-94.5412789921783,42.8612761717468,73.9749623968813,89.5762422249277,-5.32608543637059,15.8527711772785,63.6738670052016,-206.595548752727,-133.860656339284,47.0122467862027,97.6446534729822,111.08190985063,-147.685737493924
-12.5793609269238,-64.4788383638667,53.1523604377548,-35.6061735259304,24.5813166264451,85.2891609431398,147.781316756715,-139.723028518462,-6.10118108896131,71.5199046734807,-249.023402357888,-58.5293398082065,136.984131173506,117.006152913264,158.59924959422,-324.829569770742
-38.5165559194243,-38.8395209239513,39.0936446874298,42.3814219898999,-14.2486799410213,50.7162572876536,206.451581015276,-236.519870852205,-10.5754732328174,107.692475552264,-165.674789095856,-27.3677233555361,72.9941887971298,71.452019322974,127.991404557975,-406.932207129816
-43.1047386070953,-22.5945555551606,42.4496173165969,86.7105194361663,-36.2427338672367,-20.6811011865008,209.599901925937,-266.879655161707,1.7399850831041,55.4915564880734,108.362314015124,-44.1720975950826,-34.2786408736859,-32.740017323086,4.54899455374657,-296.086882146127
-28.7099253963398,-38.1585420304485,52.4266455205712,77.2240621472905,-0.319269127013754,-37.903556950949,121.545005074828,-220.727111441404,-2.95236244370801,-27.1352467415805,207.194143498243,42.8264248017642,-65.7202999719219,-85.7991673641134,-52.271898759469,-119.171774660089
-32.1940522987972,-58.668358673829,80.9104376859813,70.7778474394911,-2.52564295850188,-35.795625032601,82.0344333880811,-126.532088114532,-49.9159422604816,-28.4095373492561,144.364200393368,136.899719795634,-90.3309186297295,-107.554634995492,-11.0556551607311,-106.737248070367
-36.4162983668465,-48.0139619796329,83.546135611443,47.4927341860405,-12.3020763576611,-38.8891714046878,74.0565124141251,-36.7270990786397,-52.9375866442583,2.50183242743424,47.7689759175157,100.606987334446,-35.2902506535925,-79.9621544947379,14.0167258527864,-249.814632925682
-8.05132426584455,-19.2597978643466,-32.424924906349,-2.38391816636776,38.0028407385681,28.711357585966,100.362837989272,1.99535812029257,-32.7752699062173,56.4591383809923,-115.742629313477,32.8674885864262,-6.54513163965913,-18.6335777381923,4.36449122487453,-333.285121894301
10.0374691380866,12.3535272307381,-104.502130987997,-30.0051066851503,50.9392625882415,75.2030439748029,144.788912625128,-67.8848744640962,-21.1263738995087,69.6435741071856,-90.9178313586693,-2.07656640689237,-28.2187223024346,8.33619287209081,8.23485298148719,-381.035256836002
9.8441740710837,13.3466075837554,-23.0967375843568,-71.4295119740322,21.9890932715362,46.5955403560479,158.287171762842,-173.988134617242,11.8584235654512,72.2153471463375,18.0172196648851,-13.1977617940581,-10.4805578810734,-13.4990622863442,-26.468919865613,-355.242095566988
14.6548448724965,-33.0938642687876,55.5471334320417,-68.8781225064978,14.7123197458583,18.6113305379303,153.399027333672,-230.123074580126,31.652861236337,34.9296342195451,59.2246219763825,-5.92982869659447,9.78466545935653,-18.6276933618158,-76.4489222651761,-125.347373182638
12.7539152941875,-57.0899303701645,105.882979693016,-47.3819886810078,19.5644278846682,-5.54633243018034,74.8239592080712,-238.101201410722,46.4394902653005,-8.87516482093457,77.2986512213946,24.4445805092681,30.4313844476077,3.1121413486492,-102.444338926933,132.735937151978
-3.92478194041118,-16.756926830844,159.138237015132,-39.0658646388109,-29.3252158226814,-54.9779367708051,-75.8480069894903,-157.846523871395,81.396267430833,25.9417668881128,54.9348045057792,90.4536580000906,13.9163698464459,-9.30207885857709,-94.9188275221897,189.931439781797
-22.7033951022437,27.8383743197735,130.175665645326,26.4374932556225,-69.9538946385062,-99.0472159575629,-160.429379854559,-52.2062863738912,89.677845012963,26.9393611182784,22.1240523822659,127.976717188329,4.20590008300042,-6.5743431212037,-47.4158598058804,135.359177704605
-12.8759945243283,-15.0979370907699,24.4808495175326,65.0040028904091,5.19312802790495,-29.051717043331,-93.9518896177559,7.94602498484238,12.1248774454535,-31.5798616834173,-72.0161709025408,36.7098068850553,99.1212981467533,68.8680781303064,25.5087750757968,117.695585944374
10.502862495326,-47.8006199491723,-107.871900319153,76.987606982268,75.6615226182891,58.7164345144179,11.7829028598196,56.0206876458443,-56.9484675253392,-29.6825810880286,-197.935792630237,-82.2353784378849,129.712036351616,109.648372455163,70.0630929910321,191.973602046196
30.1545757123608,-5.17924185729452,-199.322049671414,60.9591342828758,64.7682382268383,79.7770115142869,43.0012439747993,103.629941336779,-43.783334831954,12.9230054237128,-274.645530937622,-109.364403409497,58.0817048941461,93.6012263210292,69.8247736509106,317.557967752999
18.0043050753236,15.7059656462454,-173.234401840763,58.0310966324129,28.0395007234249,69.7243273049352,8.65074263033347,136.430799960813,-52.5788137525736,-53.5270100246122,-118.770386866885,-90.4537989525078,0.65416307581205,65.3030184394125,61.6800666217976,320.474117394247
-22.1463245849466,3.65342390122433,-95.5534546840589,72.0757813092161,53.9332830915793,39.5020386755651,-54.7269560443161,151.800167342385,-116.348364694649,-129.715373578354,84.5656324505252,25.5721977685343,-51.080067878806,2.20656887470389,41.5510486040231,182.269719274397
-21.6215251898598,19.372557105149,-2.20892176594534,26.6021723873697,40.1110934842558,-41.8578193232627,-160.886620894064,167.61592733457,-78.6324198316686,-63.9808482529537,200.654905742831,106.990207049183,-93.0869060885716,-121.133924544196,-18.7209767256514,-12.9124849135925
-8.38509375908591,44.9616860060106,116.583396651486,-22.3165136271463,-56.6988079248811,-118.153412184284,-257.317712379436,147.511511599324,33.7079309371854,25.156064902951,250.239802150171,115.679369076933,-75.7763138129759,-192.385686676726,-52.251641946391,-197.771847942788
-18.9768450143074,36.0044151310574,207.633096167088,-69.3431073432114,-128.435299211342,-93.0597499473666,-174.758918496268,48.7118260531016,62.9177929472274,49.9901024743164,187.317924863468,99.5348718510378,-7.38310900585498,-134.81728422428,-13.6934531828507,-338.734520403737
-16.8346910274974,33.5374175333787,74.1643738873353,-44.6188726362479,-38.2320206242516,-20.9165660318499,28.9447733142338,-145.585322751321,30.5210715772833,52.0369216013694,183.820812284721,9.24372314547975,-3.37917878936582,-76.2479673118021,-46.394444690591,-354.570900226763
13.9491602442934,55.9938785213658,-146.441635471143,-17.3744629569715,100.408690140938,31.061431545432,149.966819382631,-251.679094964123,20.1579983037567,80.6717051460989,111.778335408919,-65.7891355624169,-37.4922475838897,-38.9813412568054,-142.644142893845,-133.468745936269
44.0317424971975,64.831692392616,-126.615615036458,-80.3027926453627,33.6905913824472,32.0309351794964,118.918315676259,-128.534311731559,49.6866049938322,68.2830212568829,14.8271669497875,-130.544993692364,-19.2270138936014,17.2925299182861,-132.359316288926,179.500879138726
36.1623669319557,56.9179980495331,-36.3811426691448,-95.4304443197309,-66.0206372276692,8.32734865693328,34.1775156616316,73.4162278057233,41.4618867764481,-46.8719091391541,53.379250820642,-110.912118662712,-37.0112487470423,30.2966528885329,-56.7159876349337,290.279731035246
4.29752592979896,47.8865205892914,41.5896775833662,-80.9014139387069,-119.130492722787,-17.0006157540405,-6.3076085356665,194.605118362733,13.0158566363133,-128.077790455822,43.050177867566,15.4612328693901,-46.2512232315004,-6.02527318179486,8.35203158166127,215.675187376049
-40.7016466818084,34.3823756906814,180.111166878014,-10.1554679323153,-190.006538519793,-92.9419582815563,-83.5301549672259,154.181746427712,24.081611095126,-64.7736699399253,100.765475486172,108.510432769618,-85.7298092601922,-66.5828088652397,27.1129372515994,77.7440184338341
-59.9269791982826,12.5373179180327,257.13145683826,48.0720221490011,-202.147541799405,-148.39153839902,-117.611766829664,39.4698749378632,48.3165519982468,49.9354063711279,162.605804672224,114.183305745916,-127.973425698663,-98.3227777525174,6.34816967943317,-100.126931158689
-48.8092305370798,-31.2704875778206,223.914279302942,34.9746282107508,-136.70715121997,-88.3436201771439,-19.42686395243,-49.5112973898507,20.2145454252278,67.8490557175747,90.214213478538,62.209290986882,-58.6398018749335,-41.6728058342441,13.0792506932786,-218.232424274743
-27.4889523949952,-12.9992583279845,129.377543061297,20.4785208091392,-117.965636351386,-36.7219478241992,34.7725749877677,-51.6684565632796,13.0364316867917,49.8366989736302,49.2161804127497,-23.8885355895427,-16.0692571951002,13.7575794349657,11.1993503826657,-124.331556419691
8.18304231022826,47.4005011707826,31.8375503595756,-11.983899564056,-109.254678005652,-34.475636359759,-30.7650358684057,4.93029369621334,52.4431137669183,42.5880195907954,4.73856497311124,-48.9379742297167,-3.81791044007258,40.5778200539734,34.4100400113657,79.9422492372077
26.3823792595243,39.3524320775124,-50.7512378747043,-14.5178233807241,-49.5053177562635,6.73922663870202,-42.9589737395942,79.2469199960156,22.424844695467,-50.1995821015231,-44.8352013392299,-36.396882657899,33.5121815960131,76.2724100168417,80.9628441066994,194.312437265573
62.822050880687,24.4782161261753,-159.364114626121,-50.7466912820827,11.167461737398,62.8867140975699,28.6639800519087,152.730577958264,4.46166515319499,-127.415384752852,-116.031029472925,-93.1684040270384,88.2122874924829,86.1084638884988,55.3358863629411,300.163736109215
91.0897330522951,5.18531880387991,-231.793219768596,-49.4881463325809,98.6103395299263,63.698744895019,11.3402713080161,175.172275349545,8.76731283517242,-87.4382146129162,-155.977310269562,-120.19100325612,57.3586719737858,54.2652475473127,28.1650608196635,328.141851896721
79.2620211388719,-43.9447904064173,-191.538724203134,-0.88005530823753,150.767542875859,39.3540429408004,-50.644309296834,163.655744467795,-0.911096570647828,-36.1902337038669,-157.276251492455,-83.1234955620361,-0.558783688841061,43.2135951467597,28.6348444183372,235.127328026563
59.202422822188,-77.5022647573694,-107.259930425473,6.40362162447958,149.565031712598,34.99075892966,-54.300188681519,90.2531858905597,-8.30995276382839,15.7340333344958,-168.622555585532,-36.8055838551566,22.844405564964,36.1663893475726,-16.4731118599379,128.746924949446
25.3300738964783,-84.3971712962014,-48.7814393794839,34.6771859524086,134.508918557615,34.0302787213896,-41.2506831376975,8.74313550028131,-28.6233321511143,59.783896541039,-152.530677155375,-4.1228902177254,48.9126891698767,12.6998525057465,-57.1978481210009,55.416466622188
-9.57885786985907,-70.3800955313956,22.0793761728116,84.0496751947127,57.3180355357881,-0.397702691743447,-69.1301401734552,-8.15910727582713,-17.3476278236996,52.7736709068065,-83.5391013562869,27.6138582031491,17.6460626243274,2.66757673552146,-51.9544735823079,38.3624781001755
-28.9947959258208,-45.4310584926718,58.0715193569742,109.945743045034,-10.7661205660476,-24.0534992055944,-86.8586257887805,-8.12788546510714,-9.27975446626479,11.872909895491,-21.2594633760574,74.737236276243,5.84420570346191,9.28192851425871,-29.231291097234,13.2370388484511
-24.0062410711356,-13.6138388743348,50.0538600796109,31.403457641987,-17.1220885747083,-4.46445190217431,-29.6826560035774,-4.45853732964727,4.96104994363343,-50.526443264904,-38.9486557756336,82.3769165600902,39.1552810028544,42.0507933912135,20.6853880874999,-48.7405595447928
-21.0552187224605,24.3485442641225,48.4875580117262,-35.9176930771583,-28.5400767466208,-17.3872186920088,28.4919185986352,-11.0149452332173,47.4121446644674,-30.5817325016382,-51.6125981225272,30.4556246859662,8.56626077277151,31.9619970574187,81.8339294946728,-155.075546487846
-15.95368192663,31.468389420039,-5.57946007804104,-54.5507751844262,35.1125637864032,-5.09515468974356,80.309596661566,-53.5050560928523,46.0845733512205,31.8723461013776,-82.6671990683669,-29.8106694301229,-19.9601589355664,26.8537790804134,108.656866379285,-259.700602458297
0.258866496674994,-16.4503486745371,-50.7226428729967,-100.201595461814,118.518097164082,81.0196129876292,163.529707102763,-61.7070254894081,-21.0363260406205,14.3841641105795,-185.147703849195,-55.6959701205024,30.0950238226977,95.2518421110894,113.623582876516,-232.51482926304
30.1819166086888,-58.8468393795999,-168.363187750104,-55.5609452395992,171.351367306512,177.870072881779,173.381644535075,-16.6645396860745,-85.8595395916052,-18.737008392065,-361.057853609474,-52.9674902544414,152.859505580916,164.066980843922,134.521959443287,-95.7625554391612
58.2896511348887,-68.2009497636756,-354.549128504498,32.0623348976165,273.830061410135,241.991163181958,135.237501792115,11.8274660362266,-129.728155301759,-9.63926644026787,-514.281711973758,-66.5481250295807,270.415753021359,188.444433876849,164.777216665642,-34.875005768854
42.1832283493817,-63.6778545752475,-320.09681010902,67.8597873615764,266.040697176662,194.520015595213,103.933498945044,-26.1492828468615,-126.668133639585,33.6563812460655,-447.6521733072,-52.0823204459991,249.804503588604,142.430641159562,131.686655360639,-54.8222514333754
0.123910935699237,-46.1080743037306,-117.381545302362,75.0197495454869,120.532759435525,81.0853295923767,13.5873457424109,-11.2155595929201,-100.680032580716,40.5099355810445,-100.672635777826,-28.1087955796972,109.169740107474,19.8555876388655,36.1634096597394,-184.288027199742
-28.0020581484723,-13.0275665015802,37.1155499131065,38.9092101493103,-12.0302932652793,2.0375212637086,-37.1942072679511,34.9290958524376,-70.5177854263214,46.9134853509458,203.043318459319,-17.0940046946422,-88.0330227535453,-94.4763955755196,-23.9448961388377,-336.178447609024
-35.5249334454957,20.6139198274233,101.064383560087,-11.891911392984,-102.110232433696,-16.9464238290857,61.6440636464277,-64.8055826899971,-17.4456642060684,77.7966276068272,210.63527042536,19.2091491211444,-175.803985639855,-100.510695070225,-9.61550279662288,-345.397221542224
-47.910487418023,-14.3398194554518,209.696772329457,-34.8518777108417,-184.998982828564,-18.5157797385368,186.828478433276,-149.776637245856,-2.93507072135676,1.15433393194856,156.1505878248,30.7872610666219,-61.1363520884676,-33.2589683402502,13.478058585282,-286.629823756965
-35.610515645527,-58.8735645700456,323.727153670331,-51.4906120789296,-235.561749042996,-78.2165202760421,141.815201170014,-107.683176664654,38.3392002594993,-115.359407203531,257.820481908837,15.3208347259917,-6.71579363013149,-16.3048291205705,-73.9323265525904,-42.4822506644174
-12.4482227119606,30.8579089803152,266.640635190333,-46.5359807127528,-253.771242883307,-143.798004737029,-33.1107209700153,-72.0835311468512,102.238847833957,-98.463126190907,415.662560523598,11.2300236842716,-50.2792275155463,-70.0712326458919,-205.312494128569,239.724677997102
-20.1995264296532,131.648484880182,183.376515460998,-29.6874237055951,-253.214688979895,-164.577994528798,-124.066178194928,-87.7800167466154,134.34432391365,-2.90252777489366,437.978409723107,-1.75085099620765,-74.9604247052724,-106.100073348585,-212.349745127396,233.983440107525
-28.4525182886606,125.099980023628,114.851042572611,-24.3025912974572,-183.148924874107,-124.418418789959,-73.3277240283452,-59.0551018900272,105.661780293049,11.9768344055268,295.660841729891,21.9317271515323,-66.7737025723263,-103.281845767853,-144.666301688741,54.5613242029748
-25.6094086589802,82.719680550023,47.6490679530904,25.3086373613051,-99.226078836889,-101.451989814438,-69.2442986034984,-4.81141229380901,63.9959160350732,-28.4335745718951,200.319580215994,79.1013968306675,-51.5336249564665,-112.42740675346,-104.101592522035,3.87423634457821
-37.1120659488692,37.4473337935982,8.34138537443931,86.6744086743699,24.0340513388197,-87.7352227566453,-128.504844404194,-7.49260986277346,21.3967371910384,-42.1912231675371,192.195988236119,67.5892061455162,-41.5434271306208,-114.173547108175,-90.1468373029273,94.1285596723668
-59.5792247077956,21.5245370833952,-10.7535096376943,96.9215763954466,112.762374867073,-56.4152962035162,-123.076549161754,-43.0886562726982,-28.7987473003209,17.6740871153729,123.702398898049,73.9568026061541,-47.3790931244557,-120.403705900506,-106.854484251568,121.986357185931
-62.1485453489183,31.3324597124509,20.3704375248404,68.6473323223347,81.3408469761074,-55.0235928089412,-112.690328463033,-49.6474284848395,-38.6014329505081,88.7289868252074,86.2561465682154,108.678463829319,-115.11824161457,-140.049346367001,-118.405845742462,197.118555394675
-58.5746526167615,23.3053684823203,57.6717727174352,61.2044139734976,33.7313135272082,-48.7733614938932,-124.721846027057,-32.5237792281566,-48.7456115703038,103.628972975079,46.4427768573059,138.389237294002,-121.097596250671,-111.225847067979,-89.2526947145894,252.94162273427
-37.2198125713934,15.0541593899227,34.5342460569988,52.5160123695279,12.4618510199785,-35.5671475019286,-92.906776555466,-6.50187073517628,-34.8331117933568,107.465202592237,1.18640483973934,85.8429961803792,-102.971473688344,-74.8361294550542,-45.4462022312067,169.277104757959
-3.7840746248002,23.7159191452608,-56.1424515805156,38.9248842180608,15.3878155473264,-8.79369177398755,-42.069188140646,46.0834930775859,-21.5555527946711,52.9823389029623,19.7515826830067,15.0860393393798,-114.457849548111,-57.1931902488456,-27.145115700172,115.080259188975
24.0010387419835,9.05143517144131,-93.2110433523146,21.7332311369136,21.9970965672404,17.9929111245345,-16.7906813387648,61.7220642530624,-14.1285281820902,-13.7826276994414,-41.2071549694373,11.0644147467406,-42.0561617804629,13.2088445287058,11.5305521501417,128.973367452179
55.3098095882043,-21.3183674580311,-103.167071800401,-38.8300534537692,55.5305334510312,68.2438838628097,49.6094877071751,-12.837632793311,17.310651278234,-26.1211312734707,-237.08588267407,-10.6013700250834,89.0556467241879,127.281535266785,115.269181246614,143.702674574724
65.8658136653853,-31.1553648777518,-113.420529281891,-60.1141844431553,91.8285637898899,82.0733248619601,90.9771042703297,-99.2736171853938,51.5914387288232,12.3892964346962,-285.808873976062,-72.2829039473266,100.79483547832,156.25139486738,149.08639146145,135.098065630126
50.8532162428953,-25.9510303342482,-75.0443574749879,-69.4962073338353,82.0632167633845,50.7722754677259,65.5414466349894,-36.1642230650767,51.201105019234,43.0457683202712,-166.740079434852,-174.971241971256,2.59630296592161,121.974422954108,114.910823744087,116.531307917682
33.861094489325,-48.9053002466771,-38.1436955814343,-71.3031022032705,76.2631259725214,45.3499652563127,23.7451717538997,138.288251032886,-2.56854001220456,-2.13915616017636,-130.266841838173,-205.599790312216,-7.38933414425748,108.809530954596,125.076122046362,21.1414417262802
42.1454044148353,-65.1951476078738,-84.175887614133,-77.6053303251489,138.481472986643,69.4357873515856,-34.5410989734377,270.780351333438,-53.2458934150842,-45.0748154726339,-186.121188906047,-178.928463886296,68.4789615847897,99.8408573119274,142.601472838729,-68.1722718816556
44.1614457420753,-40.0748833158391,-152.21683816576,-57.5595184836315,158.018242803892,101.252709521824,-50.9726694382912,256.709035377707,-65.2182243249396,-42.9134616769392,-214.152282780212,-92.596397969369,94.0409860184678,79.2170834905164,122.682792602038,-198.197491736297
23.5949723723543,-42.9760797964682,-127.044326599113,21.6666339586965,96.9486159451588,94.725553455339,19.8623839270642,83.5203363789334,-58.2095056127819,-50.836544121951,-131.651918752506,-3.14682906671135,106.47786083718,61.4116979990213,80.0975533311052,-346.048236814441
13.8933847717344,-57.6961935228264,-60.7432883791419,19.1930661275255,63.3236188519415,84.4385791018831,121.695894592014,-102.419599864299,-48.7186579415705,-65.4810092426235,-54.7127042080469,32.8322580472753,121.596782295538,50.3858133302011,65.0360390055758,-305.81909252545
10.701793782002,-41.4500963182696,-5.70643653646582,5.59033790847421,9.44504353171699,43.6704947382037,140.992339192372,-166.269925171166,-26.9755671504408,-28.2246035519496,39.288839465296,40.0293628510533,14.1832728574029,7.09972781736236,42.5801472749339,-150.883176198986
9.55240577398802,5.52715692622775,24.2647363283522,10.5807248450019,-71.9074440761474,-24.9537556081384,73.5242177280924,-100.732472752129,10.1349690981774,17.2861870668263,112.659648653899,43.4896906320625,-88.5730067027197,-52.2609517473141,-58.4914840018886,69.6672391235193
-7.28523084442207,35.6146192161994,93.5660517451036,10.3333058646683,-133.519211861461,-92.636088816912,-19.6655815703929,-15.189230306931,38.4665112594398,11.3505192693395,172.760336785017,67.9546207704933,-98.8541347828643,-95.9699976034742,-128.881266108167,164.073506338601
-35.9449738956812,40.5635925286527,165.83593299855,0.690356565976238,-151.738261269605,-122.960135079263,-60.3619330988809,30.9809269090974,35.758163062971,8.2840187557,165.460623152701,64.2770901201179,-65.3627590456143,-78.8891898396334,-86.1189747651878,84.2017333433699
-32.5773070011684,71.3219753799712,127.784840382034,-21.4555016761813,-138.969722851347,-89.7453859898254,-98.2628824420594,41.7828699085591,40.1684949708136,27.460734418923,117.39449245684,43.1940665243568,-19.2629729476399,-39.7063618590032,-26.7609285196437,-6.1137078805711
-6.98097605721332,59.6128393081069,58.7148118563104,11.67123962318,-105.880838398403,-55.2631565512832,-112.13847059321,-16.28111178868,63.6430874963666,19.4943296249554,130.659930102958,21.5653733846466,2.50137709439946,-23.3506884542768,-2.09169485808408,-92.6479974639088
4.1919795947391,13.4732371189456,46.6739803313647,9.64784495246935,-69.5556335921881,-25.5691050122823,-23.8269634834564,-68.2011857650665,51.784376605931,11.4043148976016,83.8118199978519,24.3383625508022,15.0681501816188,-23.0226986148542,-5.05202331837296,-162.728371229852
-2.59192934414339,9.7570115117874,69.1069467410746,-28.8383855125115,-99.3537831122466,-11.8598128815521,59.3487937451256,-31.376142262597,32.4091990061427,-18.6848386898439,45.9480147166787,12.5284984619206,29.1820331783458,-18.4317265544623,-11.4956346832487,-155.743677569086
-15.5481105426778,1.33128254804215,72.6973662670099,-27.0856646528871,-112.462539445504,8.85950315683273,91.0442566523528,27.7171356171767,4.52645248214499,-59.3546210092128,-16.4311412376797,4.74014703896886,48.9054441590879,10.2124067776984,9.2818748367071,-80.9203669109534
-13.7898900081867,-4.08160701037649,56.838935887364,-22.5311315801243,-87.3331994155127,13.5820982205087,75.3512132200926,44.9310178528729,-11.3708231688612,-50.5843868440019,-54.3620829691435,38.4366786535202,22.2642403367931,16.318856467168,10.8221497960687,-15.966969736061
-0.622766914333983,5.4496792866524,14.275355413775,-21.3134048867371,-42.6376375589073,8.37769412004693,32.3899333580042,41.8919164953303,-2.34060033314381,-49.0011762499246,-39.4263405152103,56.2424924076679,-10.8615718053045,16.5464585227036,6.58508926220233,39.532611277233
8.15564022298369,-1.23808529495711,-1.17859995765036,-14.7474631302326,-14.2463052772498,4.92321752471689,-20.2609985530967,73.165650834597,1.92645125984994,-67.7893103725343,-15.8893612854982,31.0534290606166,-16.6497626031171,22.7743414776392,23.649789774615,105.802010058364
19.967550946793,-22.6934346911987,-8.20727341303245,-4.90211842210086,24.5673895171579,-11.970829696148,-41.0633715421897,66.7866874573287,11.694212543554,-28.2694766908027,-8.54226944654793,-21.862382723954,-22.7451641179465,16.8603439479541,2.94872246048464,107.322081312499
16.0755351621494,-31.851006002516,-69.1879031773267,-0.564649945969066,132.684436827558,16.1145751519237,-19.2630058503572,8.95105007428397,-19.9774811775577,24.9981996337963,-13.0867642716328,-80.0391250289535,-20.0823359801784,17.5544967347507,11.2749887057208,-8.92311305637554
9.95405567245693,-30.7484036470521,-128.320043284708,18.5340638752468,187.533859241644,55.0880831603715,-15.1470613618552,1.42504603668035,-62.3521218333655,3.2073920052581,18.8293829839294,-121.745309406298,-8.86151141160934,36.5176358932981,45.1921292926129,-28.8032339622361
15.8329533973938,-27.628417947177,-136.006857702582,47.5244731425667,154.065271469075,47.6631310094054,-18.2992850574034,-11.6071538955668,-38.6047805310438,7.53041857456253,18.1281528920824,-127.844651674914,-19.8512965031424,43.2859060542164,19.4633378647607,41.5227626080991
12.6407064486967,-7.05362856859832,-75.9003448912324,12.2433778269217,56.4573153560496,34.2812844537497,46.922792140724,-45.3221187395141,14.0682639556464,72.62840917208,-122.086849219494,-100.344767375252,-4.18454251537503,64.9803496283381,-6.22041714756043,68.81390294485
7.98814919312289,-0.0950324420674651,6.58686667853382,-38.6675409874394,-49.5302913950187,42.8048615694814,112.537165988027,-60.907133482923,36.107670005209,113.756080963414,-284.959286474666,-50.4694080014539,61.2267351974708,100.071888637311,0.519274838898752,94.1665158559639
0.796204331909661,7.09691967410181,65.8800146509142,-34.81574382841,-98.5758700274194,3.05285031823352,85.7070132726707,-76.4828684532169,42.3757275630003,94.3471168392087,-179.906944388834,9.97421411720506,38.219051486118,47.4462752713612,4.14502298651858,64.2185826458682
-10.9117595912289,29.8403831768288,49.3573289103194,-25.482320036728,-46.1763493007626,-37.9723183578184,36.6499582740341,-72.3961618830197,21.2456650824605,89.2861608405734,-49.9495693843672,60.0540279608915,3.60156877682749,-47.5560325437222,15.843284798047,-86.1653847122893
-16.3120466251901,10.877019521166,13.6179845468201,-13.8010030152898,29.1982158788407,-22.1109611735221,31.837649956978,-47.7371879773764,-15.338379270171,48.0145339130084,-90.3256008173394,86.9267812440989,96.3456421647572,-51.5915940819432,73.6688382646411,-280.253767743778
-11.9254886778883,-79.0813369285103,-11.5233087085562,24.3303463383912,100.021785488761,48.1898522996604,80.8328123298127,-17.9818375878878,-81.0800534168237,-78.9473109430761,-150.36893692543,117.721623434506,199.495889466383,-4.32399061051132,59.9535279198282,-301.874513024392
-19.0261018826853,-89.7085428857361,-7.11086260275735,57.5556158678254,118.1286030343,50.3054208572041,-13.5053908089214,33.5482431817223,-93.0917972576191,-59.6734908633734,-110.245678599384,143.794330826905,145.355890660266,-32.3097202936647,-63.0113504925977,-195.479008252537
-43.4554394545784,14.9813482271809,24.9327161654909,102.163259741619,47.3290118908921,-52.7699340665071,-249.068519073665,70.0862825842431,-17.9392970886192,13.7718527805851,143.435029976804,137.34565620789,-6.55237923884278,-117.078649625218,-167.691451331265,-84.6888254622526
-62.4666592562837,42.7339554217087,14.4648980152358,105.024900928158,66.5983051020612,-53.0837430398576,-239.84049839058,10.923574192815,-26.8332814862224,-66.4944765199623,349.470772841151,116.248753223533,-80.7276732905814,-141.057566147319,-160.639991342961,-29.1991981900458
-46.9499436757364,42.6161897422244,2.73998263289224,39.9268965337218,58.3723751279625,-28.1064816660777,-98.8068192489618,-41.5144671698368,-24.8477311033579,-107.245317387058,323.494963799559,83.8996764663466,-101.0984074806,-111.16558797726,-89.1795916938002,39.8860346069614
-2.4484472263516,68.1602308989117,-16.6817761652754,-4.5445005100891,-48.9486795890047,-32.9274861458103,-47.672866884599,6.44644830883722,19.2221443417472,-45.4980457113834,230.240806475049,4.99755477214836,-129.189029753497,-80.8922878371869,-71.4647374356107,226.263859039845
17.3727251368389,53.2002556235189,-6.70047248863064,-16.9443239331286,-88.1768861601417,-30.3347629290442,-12.9687591352636,10.5977452344765,31.2656668841578,-5.74174658894742,157.172220086576,-50.7434371805093,-90.4063122766115,-55.2292533219482,-84.0619331167252,307.422238152993
15.8682590240786,35.6073211147383,7.03919849958066,-35.6004716545083,-50.5118295385309,-21.8725160337035,0.595701134812685,-20.7337062618323,32.2335747672411,-5.87438033067369,70.8796619493033,-59.9897842536591,0.698102837150259,-1.1666844925681,-52.7456082015934,263.68345985705
30.5537665307958,8.53989596881137,-44.7560412119127,-40.4731758420876,-20.2972728662432,36.2305272653548,44.4223488858381,15.0235751995116,1.17119856037122,-26.5830119035688,-36.1076116165945,-91.7857681325411,30.9347769664107,77.3767038890076,26.1774274925455,202.855795130196
29.5938446567597,6.88460765058824,-126.893876021586,33.4353027554266,-10.7157557626585,52.2239231385385,69.3182708722408,39.5870540607842,-25.7117585532184,-12.4419130851614,-30.4996121076316,-110.540546130767,-13.4124280243422,65.7200119401067,54.2343696517257,39.6222227481176
7.6996275577406,11.3116253757304,-141.210264148956,61.7032497147483,2.44864390175096,51.090295209946,100.534939789446,42.9942821831611,-55.4868055251526,0.99390735089608,4.8133857602441,-103.458347340401,-47.4105223884563,23.0190397703129,64.4220606345236,-144.145305381275
-7.8451696260824,-5.19293358772111,-17.4133972589031,-4.02864528874603,-41.5784710286171,37.1258331322607,129.793732535863,23.1389165415524,-47.0022087005782,1.73270069232308,8.12906319212567,-66.1248173396452,-54.897160418756,9.56387239676602,66.5535442021984,-166.569683879841
-11.0517629240182,-6.53234856355002,79.3317345578836,-49.3851682998007,-76.7347363843975,9.38362778868421,124.256551118215,-60.9638293016514,2.21402626325714,12.743878530809,15.5386801473188,-6.55694149444491,-44.311115934219,10.7009809343388,24.5007432180359,-124.720291971082
7.18339910443042,-20.9662544155377,135.919513378086,-99.9257375797882,-81.7720529398439,-8.4445045477207,135.211437790159,-143.54185199552,58.9244679027163,33.8625706349725,-49.9992030341781,15.4665335734049,-4.65498574234567,45.8216523846566,1.89019596990534,-29.5113888032787
31.596221353282,-15.8359436480477,173.621957046995,-125.669889538893,-103.533303009531,-57.007003055151,62.3157411192912,-142.673061768201,135.916017038024,94.3470649644399,-144.517456706207,-19.2429676472723,36.1603722526258,63.7922755846364,-37.8578396259851,249.668756153583
51.4108705157907,-6.1490307508866,110.597374570884,-86.5281535747263,-49.0725259436948,-69.0985832782014,-105.423166496875,-61.6687063529732,185.371718613274,88.875485188286,-321.485833928022,-1.5146097260876,153.908661794326,125.614871158119,0.610624066787409,441.131903810484
46.901439867402,-15.8949613148384,7.18357815450352,-5.38437905004142,31.2591329705417,-25.7415966244888,-228.623186684767,68.1097685592036,122.909471796708,-4.19354381996044,-291.628907293692,-8.80864881035103,194.481554568798,156.135021826634,69.22049527011,398.232374505151
39.6754019459841,-14.4308062089786,-76.9312789211875,44.2107790151575,67.9098798885569,-13.7387031668039,-206.350975447592,152.321749698149,42.9343253595308,-58.6650684847711,-71.2222689207594,-69.3245486809774,66.8801914985245,66.9322170721993,19.6591939865381,357.801468895792
38.6146161826506,-1.78795955145431,-99.5003783828036,23.3493495525317,88.8078336030395,-27.352656245112,-164.31925756414,175.762037495133,18.6477962146928,-49.793705501082,-0.253876527596663,-37.7374213619836,-51.6193269962468,-4.42606744461656,47.9935086853048,225.247004622125
14.1936749812652,6.14149766750857,-103.699832476751,41.6513628014991,80.7050831025784,-10.2211977603244,-112.398410964811,156.992640769678,-41.3271326769445,-17.1886665325259,87.6399094488005,24.7495874340841,-159.235642899926,-63.9292298918855,84.7076565917983,-87.8411499121251
-16.4595582941136,0.670988645395585,-66.5799930955305,76.727700164057,26.4504920358354,-4.37132577907748,-1.35156309306166,69.4089114090731,-79.5980990573013,20.9272336914551,143.778160524307,105.400494621687,-218.617063623277,-126.051282491318,24.5713424645621,-321.555001308166
-41.1211385683547,-14.3352056698336,23.0928479973838,71.779431470855,-50.2432559721424,10.1392268008456,62.8995420277541,16.2105397504954,-104.970590220219,36.6666921999849,160.570617396648,108.547487037496,-191.348593898092,-120.438288137578,30.9165570780485,-408.286758054916
-40.4206088678894,-29.5543458867725,88.7660589326184,44.5677909956499,-91.6126269346523,14.9758405857212,112.483682115035,-73.5652304437338,-81.5028490387585,17.3313032030351,155.874899032893,81.3243682467232,-96.4691811574515,-75.3347839629,50.9747856113544,-416.183307163251
-37.2418244475167,-45.9718298826753,110.815248349982,37.1993308234369,-70.429780070979,5.13351713259475,153.535136046558,-179.715307933884,-47.3925222354698,11.054922702955,133.995095854737,52.822127987672,-10.2973587849109,-40.935441950978,21.9894357796119,-384.818646597075
-49.2478132235076,-66.0933233091605,114.902449597981,35.4504159003806,-19.232331368596,20.5900669295384,138.249839276319,-152.606829343325,-65.4415856810866,16.7040822001175,83.8276079620654,-11.4108633413581,35.6575452226575,-4.98533985393868,19.9927292764864,-354.942214346158
-38.9024177474585,-78.4528685089579,86.5562725368129,19.1481565530398,47.61129873768,17.756336496015,90.5032087333783,-73.757727599595,-49.4747525810171,-33.6092595195322,-9.2537820179266,-21.7637376645029,86.7726278968772,33.3928313054257,41.3102058739534,-260.463904201249
-8.96060021854484,-73.0936840614147,19.1069158088311,-9.18850334430778,95.08668858748,22.5922126244413,79.4607198967024,-19.3821769043736,-0.0527750641897171,-58.2233950485679,-139.331703068333,-71.0416426405773,142.087359063671,83.5804850760023,21.1769338072531,-99.9504208424322
27.0974889168042,2.00504347026881,-120.776853264581,-67.5236462024404,102.890735592934,54.2705278182841,91.5347511347635,66.5157656569167,48.3734018298946,-6.05023815962463,-291.617175335071,-157.97044301134,123.543038603403,112.877941337975,6.8770028593421,63.7534402926698
40.1299239085699,78.5024524897095,-281.98975919101,-34.0322201718167,126.015682035701,84.8804563832143,25.2100292398963,136.676622040411,15.847159584731,31.0703362941545,-273.762627590727,-165.25053240681,44.894379648052,85.69735668519,19.4006374690295,193.13984005526
21.8546596612381,58.5261205984879,-207.992309844981,3.56344836418874,94.4501464072556,75.3430836283646,-49.1056176962702,114.605220264684,-37.2164026259164,11.159873862303,-169.106718631233,-63.8637656621599,33.0697914049997,60.2803442596973,24.4094129732971,275.173027075361
13.4925568808206,18.2296184457447,14.679809949698,-62.5710258746141,-0.40692810449903,17.8699921680117,-95.9487332131121,76.6353349587027,-16.0553650924103,-15.2683532559316,-42.5074334695376,34.8107842362364,30.1458279921494,17.75403845633,-10.2273719341271,314.491956132677
12.0016058688622,8.63816630732661,115.41147628621,-79.947500922949,-43.5881083307753,-30.3443559197301,-132.886444053777,19.893362026422,20.8377033156555,19.8721525617877,80.3230517846267,101.635908275291,-28.2840535923488,-76.5488773208087,-107.142213132448,276.735808206335
-20.280817125889,37.7494372354163,159.586081744915,-25.4359176227261,-125.488991212932,-83.7657930799136,-128.461417931032,9.60741297329429,33.3313819922885,31.0107471709329,204.717464351023,106.395556892442,-91.0459909431165,-140.617874819036,-142.152279939923,195.082747007197
-53.2605040551857,58.3591355503349,241.332647309412,-15.0226121280352,-193.354049570891,-141.18378510091,-154.780915980651,56.4869932802921,56.1895771156995,-38.7298155558641,287.171992423583,84.8576833885392,-63.4136734329726,-113.173412543539,-81.1921518382663,81.5950467409251
-39.2489899317621,43.3499605650957,221.711267455455,-39.5357908968747,-153.677265296527,-127.896151766323,-144.327785465781,70.3947525725211,59.944982134162,-87.5198893002894,270.900526399313,100.851782101344,-36.6113586162725,-83.2937841340546,-36.0052649122709,-63.5013781257286
-21.6817111006718,59.7576395027735,128.035322357352,-24.8519663189009,-148.333140407513,-105.677681645648,-36.274454581994,11.7157538268248,52.6384314963783,-73.7993676411216,306.5141554772,66.5599034145002,-102.258673386069,-91.0100789632,-38.7655285163361,-133.883802997497
-13.6238935114005,60.108457939302,37.5904099520894,8.96096254564639,-84.5696268183154,-83.2606347372012,38.9150489396165,-95.6658676987724,42.6395936010087,-37.2453985048304,292.48238101927,9.26646898856137,-101.745253177053,-70.9585323560775,-66.2051396871153,-83.8606887679089
7.66471335182479,-3.25279066628387,-71.290924919219,59.6109201608468,49.658328924644,-10.8504876416774,45.3686513341542,-112.33153853911,-18.3626933792927,0.75637509765113,188.190013273607,-28.5769983706954,-69.4986667914616,-38.754551028834,-93.4867487041837,-46.5918439358242
28.6679738519785,-50.5289929683311,-160.014669472427,68.7375790879828,144.454536889985,71.273813464216,92.137413340499,-126.633513026531,-67.6725091939032,42.3611737648975,68.8753344128735,-79.306805409538,-38.2353421327942,-4.49424725450356,-73.8136673593305,-94.0728523964945
27.2371988396274,-40.2638068778578,-191.674175407754,0.612499385557374,196.353970509405,119.93614665087,174.955110750321,-153.720180542027,-69.9168475732886,61.5243385737103,-126.049155624406,-93.0395478858892,52.5356286199512,59.4081410621141,44.6751894781974,-237.794037045808
8.26915770434939,-23.9616162204075,-144.308015431135,-63.6323390971524,190.247963352257,105.967574046028,227.520343824667,-130.727136283733,-39.0511065359599,67.5739605671894,-303.915087830813,-65.659779685939,113.567653822745,107.950422565359,151.585886135982,-414.412062722012
-8.4679871019249,-8.70513650222404,-82.3226633208192,-79.1611442697957,124.391999743137,87.4209818614991,278.655904179985,-182.786910078023,-6.41798477059132,84.6441088960636,-346.424453832658,-29.986420437244,124.702298807445,99.1881681007132,158.555400953461,-437.583506071876
-13.2768163344547,0.868255764157663,-28.2434787838703,-60.1076056894978,27.245730202598,73.9477476187552,301.91983264854,-254.498400015078,6.39260550976346,78.2365902195361,-221.293360549433,-22.2582121906327,44.6796794409985,72.5891861740568,111.525351813805,-224.512634779529
8.06925966822415,-16.2897895513822,-17.6784498930688,-16.8087265666466,-37.6690758088981,52.1052271522182,249.591851365215,-199.714818859775,24.2856225706237,76.7291750701814,-227.691368092258,-3.98713467707728,-8.19776147519335,83.7025043775112,43.2329822132692,59.1410659394699
22.0719508562923,-13.357554454334,-43.8698022782781,79.4718233551703,-104.746251649468,9.48548045159863,81.6238438492071,-8.33401822589619,12.3878573925533,86.3350446654539,-216.663665142465,47.1069173106806,-30.1037288552798,29.9397619089943,-39.4579946153744,214.536425444703
23.9363299222901,1.9335385967577,-53.998487823576,111.838395358448,-107.331952792728,-24.3267810802932,-98.2463519920292,171.863040753306,-18.289500205321,52.4668889904109,-52.0696389956743,7.92806921746706,-41.314747228232,-36.8209545955509,-95.1449160567884,292.946159048428
32.3388710885901,34.0309203598908,-38.5720130528188,79.0704917808138,-95.9200475727483,-37.4550678416675,-285.377199127847,260.476447337531,15.3875317593659,51.2045884142062,-22.7471425442816,-24.0492280157883,17.7100055992759,-2.99383484195837,-49.2795139469012,274.586476201098
28.195910972116,61.4105650327845,11.3338632283013,50.6050765087367,-143.494475189442,-42.1813264540161,-366.430073208401,275.85686108164,51.0728801335572,-44.5056116919834,104.911598865689,-35.474105788469,60.121258359779,31.9586835678744,25.0356046695395,205.270409902363
13.6797371175074,44.6873632197879,58.339379096705,-21.7778364049254,-132.788357872698,-18.4106170941073,-221.792668448719,219.508482536374,51.6413317203704,-200.197569718108,140.720527065031,-60.8614024816943,139.219814236758,67.3912758936721,41.6910426128774,242.80129130862
2.14761688009971,25.7390570593282,87.5245873232324,-48.3052664771081,-80.2507333488002,-42.1284257130609,-191.396473956808,222.639804141192,63.8311447569165,-148.05764062066,15.6775360530103,-88.3963691781931,126.283979028048,68.6459853601352,54.5442349287006,329.030818979622
-13.9641647549867,1.63563022503995,52.8841541417272,-17.9776207337298,7.37176130377741,-39.531022475482,-204.614064241714,281.503317376341,10.253528196566,-118.111980117016,-53.3810794948299,-69.4502077577515,90.0128166840844,34.9785253767548,84.9367837393834,301.792131029415
-34.8428900092996,-5.20248214885356,4.69264575327731,25.5089491191405,77.5576701104809,-35.0160059086417,-163.508444655265,252.073647154441,-58.7910800676984,-128.821797317917,10.2120502666901,7.81024362953937,58.9535540326194,-25.7977124617825,40.9144242429725,147.712039172841
-30.6025368404147,-10.2734656647343,3.03284003475092,8.14954752418967,136.331322385061,-43.3532003090753,-157.651233638635,163.577634487097,-53.8698713214955,-87.0879452813253,78.0227442925007,39.842037181869,24.8125857669024,-60.1146882386349,-45.0470507373122,40.9967024275548
-11.0455791461904,-25.6522482096881,-7.75271199430572,-40.7466911323617,179.245721290148,10.010073585696,-113.444828786077,44.0810717696024,-39.3904769416637,-49.6191590962289,18.7973077120686,78.2979969857373,57.3663500699591,-38.791110576959,-98.0599958855125,-15.4515208623103
-17.6187245914409,-11.3854107064658,-8.56757831932921,-8.70006989736888,109.776263662198,33.3618700751565,-47.1241985764277,-58.7581114866666,-46.6670240543241,-1.20625068045698,35.5241492477952,142.694247092808,3.31375882926721,-57.0971217479882,-74.3147199109431,-146.397477310995
-40.0557631032379,-15.0717653350266,4.11438179441578,42.4171511852695,58.006200715107,25.2433174676013,55.3439060854705,-122.562820903741,-72.977971890103,-0.472456806832724,57.215363102083,185.758655926522,-44.2347283316887,-64.3628717184903,-21.6737370872721,-292.836984764664
-40.8536130781851,-48.0987224331456,27.8763790091875,39.2904000879555,77.6739854347424,27.5474164153666,159.291639700846,-247.577760372611,-63.9555230615222,-9.67634186772864,39.4282906130506,154.036759346411,2.28876542548619,-23.8454944380697,-14.9475980641018,-302.917835684458
-17.2243072869399,-47.3160161772171,37.7523415825092,12.2452770740901,81.4374666586668,32.6576677459894,149.951697934251,-367.453707546278,12.1977497883736,24.5500176167969,11.9420458576158,99.1384518201562,51.3479956416691,24.6498016179241,-4.55401780853825,-244.554947552782
3.31608568102995,-33.4455504699823,11.4402397510211,16.7283426316743,70.3271276172892,34.7408070246691,83.3236234488359,-352.589265062851,60.6158279119304,72.2640485944618,-12.2710405871327,63.6608638121816,26.0061638491692,41.6286949036966,-52.0407375344967,-165.737145194511
10.0635320635588,-47.6483715261999,14.7135291509016,29.9625712557097,32.1497009578448,8.67332687789632,95.6195025615879,-234.414320753196,53.0195819392204,87.981908706579,-42.5297246601626,40.2976371115419,-57.3848383420423,-0.697948832693051,-153.306875402767,75.4259224705419
24.6362405315573,-47.932269000006,19.3650282221218,40.9889957915015,-24.9800113109433,-42.1938047896598,43.5204166249063,-41.70798547447,49.2816451901105,149.5490812761,-101.548892967777,-31.2998154135138,-153.245293570864,-42.4126085985344,-126.094902789064,301.253299358794
38.9622740508609,-15.3397035125689,-59.7131500299872,18.8820193634261,-21.5206936908413,-5.65395316234262,-32.9983331424362,153.953014169392,12.9751042950704,173.156251959674,-170.672511567642,-126.40200280516,-170.637452615344,-16.0301892458793,-1.62902968774032,297.485272053034
40.5578573645482,1.11787338397892,-132.987563044365,-1.02387819110628,2.1095858367807,60.0070160999428,41.5185973181528,143.106565861672,-43.0121544400787,111.896725877049,-149.053578342004,-127.467464764262,-109.494862865961,-2.85743187571688,65.2586032759982,119.620830945184
39.7489820600517,5.03829972738768,-150.101386343199,11.3292375289693,-1.77926378941858,76.6129185121736,140.901376615597,-15.6769125791368,-57.6098460337624,78.4177116266258,-36.9300282127472,-91.8115578675936,-56.6788138619762,-21.5097439954621,90.8609997530652,-138.349931671709
25.5051684004632,25.2267808612643,-142.029642474519,-2.16832147995993,5.42810208208764,77.0137960595557,144.263819695022,-47.66406994255,-53.1769184959848,38.2802744656703,29.3581592095845,-62.3067941902677,-17.8992918995572,-26.5118091402064,76.3417727606848,-319.897987789766
-1.37501246745061,15.1355774865465,-52.998178219534,-26.8607292671969,-16.54389085887,55.4380556376058,123.10828544616,12.4823735654467,-53.8120322551733,-9.3609909919918,31.7742958385488,-36.2452692825066,11.5864309061572,-20.9298889647544,67.7121080295912,-370.23997791328
-17.4671580427513,1.39686243272365,54.0649433109701,-46.1783401837262,-54.4614954215349,8.36815413830592,114.458932112048,-3.23097924851712,-18.2912033362349,-39.197856290191,70.5810550666123,-21.0371836244257,-2.45381485809733,-21.3246340414548,23.3158544626422,-241.951028944552
-13.0634750178521,-18.764137307413,128.778754189544,-75.5516945754141,-51.1499011614185,-31.4455374074942,77.0601531683146,-25.0925296623733,12.5100368725866,-74.4980999604515,109.902727721962,-13.8177886260006,-15.6455204095827,-11.3610743560687,-7.14230769792326,26.2000932835998
-4.85588820745424,-51.654202477105,176.355289303895,-91.0623667486431,-27.3441353753228,-47.6600252957882,13.4032260526624,5.02299808316066,-1.84247596828899,-110.2733880542,119.40706922207,-8.63362744500304,18.2308018081143,4.17237808883735,19.4038865649768,218.400273186021
4.44001065480301,-34.3455317032679,178.683373492593,-72.0671690760371,-51.4185819972997,-73.3624063545272,-69.6372215409161,11.4136531390919,34.514529192407,-96.0984771857033,134.759600079029,7.19179635997853,35.4742068237674,-1.7885323980218,-13.6076840300781,290.269453406883
4.50629976103864,14.3420783796956,140.29771770068,-55.3609195765892,-118.145095505207,-50.2392110649565,-80.9157433965209,9.7237114054149,66.3385838485906,-82.2544597986582,88.7729920580352,25.2814723871033,36.6062388270001,25.7902349439958,-20.1649471505452,296.018505748051
15.1761248322771,55.5257515263085,62.8188432150393,-24.5211515366317,-178.747064804066,-40.3730685630117,-80.191238889507,101.067620305368,83.729279522352,-91.6766555962386,5.57881949644383,32.5644264771357,21.1179056423543,50.8157411624879,30.612101185285,258.383940876435
39.416927731922,69.2890595562017,-41.1455580873634,59.9432509943765,-199.427782879435,-54.9247522996168,-150.389160345982,224.939524496092,91.0886784922725,-36.6605548860872,-69.883020999323,15.8153576404167,-12.9827081658547,36.1811205057684,82.6670183417221,170.139118138233
23.3866872544833,69.9945837490648,-89.5251926566944,113.850723383209,-145.996188550011,-47.2930177733729,-155.806360252656,193.44009977429,50.8582667543143,26.8789027214913,-18.89529943679,-21.8744400469299,-44.1158521234666,8.19394255887338,68.8900393845542,23.9512986803071
-4.59067470929378,54.3595367486453,-37.023024787844,50.897564444117,-46.9708344922817,-43.1222616451207,-86.6358259437468,63.8986019215256,35.1250714003054,49.6603648713,52.600249174201,-48.5786116037755,-47.4962403513866,-7.0075979716247,22.6733017724395,-119.157002760356
-13.0490894547161,17.8886674280478,-27.5459949474888,-24.1050980134232,62.358140198058,13.0562362480676,17.5691095785518,-28.9687406818635,-9.11066735707259,42.1868111892297,39.3245237543081,-83.1210801164121,-31.1713690699466,18.6682392945548,5.72946342320625,-145.204455141829
-12.5332472989918,4.14351588616223,-41.2305876804665,-61.6515852042618,123.082836598696,39.97038541028,70.5473011365961,-63.6159568743475,-43.2037162839934,46.5758514596754,15.4523513744343,-101.250772788752,-24.9003274063267,33.8923532534663,11.812927877241,-107.300022006271
-22.4632755776162,-1.37464713334387,-4.19634244223944,-77.6452765806198,137.645732077694,26.3064289014364,43.2990073050695,-48.6509210456675,-36.0846893776772,40.2550133362126,-60.2029224295733,-37.58553981955,24.2620661143848,40.0527694947436,14.7748702413986,-127.812341864694
-35.6403783449724,-33.2091348139685,20.2787267836376,7.87456797613945,106.890056365512,-3.5793415133459,14.7528881889044,-13.0922508078689,-38.2993598660487,-11.6639248459936,-114.737807972729,81.969734664458,53.7392801027276,32.6516343476826,-3.77328972213544,-127.77342950295
-17.7239170438214,-17.2346690869592,-15.9079257429861,82.3068199915891,23.5758076440528,-35.8124883584245,-28.5876785051946,39.9639809763555,-9.09420467235083,7.8059297359146,-84.1189959383479,101.467736572553,-14.04324686664,-17.5910917379693,7.27426708828074,-111.439450215877
4.7484557749101,32.9815696032005,-93.8671955553066,72.6002654906244,-32.1511378176007,8.81371235269581,-0.62274474278551,21.6962371152251,9.06523904002383,36.4726542444977,-22.1963777311834,31.7048096156194,-45.6820918586719,-36.1490174806406,16.3707819982208,-180.396270395533
9.19795973597839,1.3882569880992,-110.002393755225,57.4788873475827,12.3940016706984,61.5601865348543,92.7323754197525,-80.3702825192216,-32.3617190492125,-22.7453392249139,40.3453031560574,16.6878762505625,8.62335333049509,-22.8169558246104,8.40055686074132,-211.085894801504
9.30860885722045,-32.7119222719806,-62.0353720628857,12.787759908678,60.2024266031226,65.8419400291065,109.443406500396,-116.364166914449,-46.6325761847796,-38.5106082223351,72.0741396951035,-22.3711637833746,21.9711996593984,-26.9371977736512,6.41981032199132,-88.3255220776555
-3.48963044605079,-27.0481951855134,11.6544369534459,-18.1612429795268,60.9873496150032,29.4856885628125,34.4674032686892,-100.195445732155,-27.5267890983506,18.6283484636847,88.7687825097656,-42.4585097560378,-5.92017440191588,-53.8169190350828,-46.8465227344825,55.1955258636053
-26.439905950998,-41.7117931029156,86.9250081585995,-7.36136131623132,64.8477530253106,-0.359576317539194,-14.976788519148,-122.991383382931,-36.5756311484339,13.0429946309577,110.008321924125,3.85581009836483,19.3567636461618,-41.1409338894233,-85.4414119095589,132.331479294936
-33.8887860124777,-36.401647634022,115.035773682794,-0.748120736982571,43.4637769152425,-24.9323787852447,-27.0131069933042,-125.499441930887,5.14227721686322,-30.6728325239979,4.54153569055468,64.6876764599961,84.578357621444,27.155059086171,-36.7283518439223,135.457657993966
-23.0103480354068,-15.8146495098071,21.0438622530113,-11.9291555812972,95.0421428300166,0.69599862037704,-6.4897309191358,-71.8131453491037,-0.843633458738879,-30.1076264981143,-86.7740444204319,83.0213122080418,82.9265423743422,43.7741171064772,9.41357478010931,-52.8719203069835
-18.3575338545918,-5.73375373600716,-32.7849746883214,-23.0826119509146,106.424300896389,23.24871568873,47.232388169934,-30.9705677597341,-47.1759669346381,2.974272208206,-37.9294654877698,52.8788658443367,20.6682727323799,7.92895090554005,15.0929610400965,-279.89579782548
-12.7484408617657,-8.31789555064092,19.2006877045527,1.61037364880334,33.5057496512665,-31.3685529676101,21.8117933808581,-23.2364196776088,9.94090664155669,43.5964543822279,-30.3538956282732,53.6651283177129,-12.3043316177313,-24.6940412261958,-28.739194048014,-265.878048730936
7.04175032012444,-3.32669888056065,17.1687342916464,-1.66397875177405,-25.8745738579499,-26.7282239652995,20.7045850858408,-2.63502840681172,57.5179117770967,39.9778234997241,-40.40975243882,24.876543812909,-41.9802896923846,-24.9581622205424,-45.3171681276993,-173.148400640252
11.9841760815678,16.3776836492442,60.8779405756273,-47.9811082163362,-110.755549575108,-19.4213218471947,43.5222333458421,13.9588197036681,78.581839289392,19.816560052655,-57.1937433383308,-35.8523836029499,-11.6637675708059,26.8813937511877,0.692328302494488,-25.4370995915838
4.96668369851782,11.4418118724285,108.850181120429,-14.2215962311558,-140.603159281751,-52.0238772010174,-47.2096300431751,34.2662660056824,74.9031315405458,-26.5996781539513,5.08684195584993,-72.9744842166281,55.4731007905086,62.2038655961044,21.865701404511,221.53044709101
0.151724314002648,-10.3046438873075,126.826791475597,42.6672841665939,-135.879303754906,-80.5850914043456,-138.037508624936,81.2668681304598,34.3416549706943,-105.173866097513,183.604427128,-47.5190914598371,24.4814144651826,22.2371174902918,19.5285347650419,322.5562203732
7.87503380981449,3.98471933596022,106.533316686148,9.95676082409158,-128.950637652596,-83.482463566926,-118.277104641411,119.748103894881,22.5244298788791,-105.532754266362,194.050434646806,8.1483414939571,-19.7438254034168,-27.0960527502836,0.49859543064575,235.224333664783
21.4708496441171,44.2446010944415,-11.4077484027451,-10.977504656727,-68.7277706379196,-46.0483504644183,-75.2603377647128,105.934656775459,10.2913876915281,-61.3032874625584,130.251653840287,36.5914571215786,-36.3636288225739,-54.8070715204245,-41.1797658314452,159.832689912464
17.3044755751429,65.1108656472072,-86.4320459315419,4.80346474559597,0.707002947526036,-16.7238310641111,-58.6070504735219,17.9990439212209,-12.9881625196848,24.9308507274689,145.9533103644,70.4164445116322,-139.834247436006,-102.79015935386,-86.3802921263006,148.418666401925
1.80815007202917,73.560166452081,-65.4073323136283,-11.7722246158549,7.53104691696058,-11.5880809234151,-33.0081509351827,-30.2150722193831,0.829141111815474,94.9773055827144,52.2105095880559,98.3050951175694,-166.341911057407,-95.1584593197989,-84.822504476972,108.883740564843
-17.1883963106792,68.6714701279172,-39.8893794011629,-40.6459237945608,0.348105507182041,0.743683579975394,33.2123787147211,10.2541318748391,6.13438836703514,54.5867212789782,-100.867460193699,42.4334265839813,-22.4641837633797,-22.0358433798735,-60.7338664433596,81.0060326014579
-21.8755623442684,52.240093091293,-43.0494344911794,-38.8665641480813,2.30643440586603,17.7376226117756,82.1188014123594,28.1089664925965,1.22049441574485,69.8099611693394,-167.019851897502,-53.7125145583864,39.742172733434,3.96857673876183,-50.2462798036333,34.7338374733193
-8.82632872222073,8.72337419379632,-54.9761995920604,-9.93230310153527,59.117948508789,39.0932346445208,46.4668762090114,-20.6343739285613,-2.48975092134482,131.464576130276,-224.759341445575,-117.6602419992,95.0789456563154,48.8278529107733,19.5079046822861,-58.4849735049845
7.25551829733531,-47.8717326111083,-117.661171272462,26.1710801202596,164.733070178752,97.4448738325851,42.2222517419493,-72.9883047114416,-49.8005171077038,60.3107762461421,-210.832267474629,-157.302035316783,196.676109218848,124.239762423339,86.1153802867302,-116.719212640666
23.9885330519037,-94.4471283813523,-126.744190470311,42.2138459330236,183.481899249602,107.1091022153,62.4386096272381,-44.3345328068133,-70.2871612194539,-70.3557258876946,-103.256616928425,-141.149096302939,164.873449700697,131.201562898762,93.7025599557106,-76.00005469482
28.3819926451178,-115.485379905926,-44.9229368525009,10.3977808951502,124.264525222294,77.8045317000848,9.58745605178942,96.6406329724279,-70.2008747596554,-102.678288345026,-101.907707153017,-85.9165096380029,90.2885970475374,95.0914631314937,84.0437416701394,54.2224600390467
17.8400689904536,-58.6638812535083,20.915723236898,-20.5088986659337,-7.54320904964973,51.4917995345254,-78.509178923591,222.772817866935,-55.6150289384983,-46.2973546137118,-73.8548807410221,-22.092783852902,-9.27314686976612,18.60110129925,44.8502573242167,105.048739139269
7.25714086210854,-8.80755456935186,65.1759215588757,-32.0004990976569,-114.044626470673,19.139698877442,-66.4445586767763,204.875515713983,-30.1975683340027,33.5378351457708,-7.60564742915049,16.5334765396643,-106.262596264441,-40.0358955868656,24.3084455448052,-47.0644392442483
-14.6779269672167,-4.68892099221353,64.0997890752379,12.1308366203992,-107.692314422127,15.474425076794,40.7927570497217,-1.65852483111136,-32.076028552003,91.9453132545849,34.8940934340255,61.9741560971437,-103.665501784395,-66.3244507266309,2.25832106582408,-277.932296385519
-37.4660824534576,-47.3956263174319,87.4456975103814,75.5857023092421,-62.6171095234361,16.0746737067007,156.422505317905,-254.631385151546,-47.4501740524976,32.0434247092524,167.568129875186,98.9365072162352,-49.6159378728626,-80.1706409872474,-19.3838887564338,-349.430715518768
-34.835085294626,-96.9771961838886,149.506161401807,90.6472539766774,-32.6011531093463,-24.0554021908456,175.059071326793,-364.430935865738,-36.5982551217406,-40.1630642850106,266.348320077461,128.022895711532,-6.36307827473712,-79.8528061699546,-68.0437981616379,-223.111982980601
-20.6885565739198,-43.7978873318809,138.101374716379,67.4281019968302,-56.6788853833231,-76.1746282946709,66.9023984241078,-279.660468434921,21.456903021968,-48.6126712529148,251.819829431732,153.482547695955,-22.8152971573322,-79.1724607008694,-102.199917402496,-10.3282335535714
-2.66338257111842,51.4583144576657,28.3694530673363,-1.69756511448067,-54.6365713270042,-79.2024318286304,-58.3679361639014,14.3703337067263,35.8412832735903,-115.306756814257,141.144141320159,95.0087064687879,-30.015136590936,-29.7790405410307,-53.1707796962969,326.765020862089
23.0676908668495,163.286120281607,-124.643654272024,-38.9957588811012,-57.9252743099011,-72.336674108467,-192.392766423194,251.638979817025,71.1086689889319,-82.2173760114008,-8.3579636641154,16.4242501877084,-44.040697588039,8.03093457524724,-17.5782292793178,565.48369609529
36.6432490125168,195.168958066673,-193.216874749358,-50.1136482292011,-43.5450074935591,-46.258612866989,-211.90705224109,270.306234527353,104.74314233298,28.702372694089,-148.046585433671,-47.6172623615236,-39.0739841751542,45.9985984721171,35.6678362178428,396.365880039743
40.266114396087,107.299088079751,-197.449027117568,-82.9215898406377,50.395655593007,43.4347763902377,-49.7407705614998,179.574812589053,58.0348503504939,65.362208633529,-265.933201929668,-107.703351462475,-41.5131526339858,110.498011479483,130.870214803342,73.9814236982135
61.1923590893654,44.2259575994064,-244.946751822271,-104.646547305746,98.4668627340717,133.315673135822,128.433912501697,96.9736832771722,8.81224303270329,81.4827050312394,-290.509190841205,-174.620443838152,-105.813814182476,125.855217506449,179.87896689979,-68.1859501480866
80.2740164350153,12.2848697602873,-281.385219513841,-88.4543086264945,130.900957458076,157.131354051062,162.613381144956,61.829804403508,-23.4074926603405,44.1389636443559,-247.480671565829,-199.068971188817,-27.6443384814538,118.554662569521,146.955340275619,-65.7927136812603
69.1548321812844,-32.5901951137105,-209.304286173516,-50.9869866917707,159.537577968379,122.453895225056,99.2428993712529,5.99621141240584,-24.750028681653,-7.72686895387852,-210.933311796675,-139.631375891387,125.901835309817,98.0609039310891,105.939225780379,-71.9059671244746
28.4716979542236,-50.1195810980515,-62.6681044693557,-3.88083071561033,92.3390249782523,54.0776285774307,37.4725957781664,-41.1421184574824,-16.4698135711426,-13.6778697091505,-107.594344791586,5.10426681503162,117.296055584117,0.667683573883728,19.3258351785056,-79.3098746451166
-20.2297370267509,-23.4560566195988,89.3325901999939,48.9834586910107,-52.3775452673184,-37.6793949988869,-35.3430283627094,-41.5897678839896,-8.20127050002866,1.14040425987368,66.0352298738636,113.618955003269,32.1508937564071,-98.5753399888867,-48.1424252971838,-48.3795439568891
-51.4820030410764,-11.3462349347185,239.403935711294,85.3331304893118,-158.534154275601,-133.060904122995,-167.453000443852,-21.3345885093217,28.8646310225077,22.0753236016737,224.661290042186,124.938646434277,16.1615688589039,-140.137052902993,-98.8115005180224,-36.3685631975977
-60.2990215030991,-59.3260612326442,318.072967846574,74.9282847162255,-121.445473012234,-142.865562716656,-236.461165685178,3.47387217756079,25.9010576948922,-20.513482089512,287.409602485681,139.689400262822,33.7787743812049,-133.881241105344,-150.243727009688,-87.2931856082828
-56.9961583747489,-114.245238520827,297.2342435888,39.5355000566229,-21.6102707692281,-93.5603134225739,-150.241665531112,-0.86280079875479,-5.89362124259435,-99.1016628247084,210.43698729368,102.491701025556,82.6934611880066,-59.5676286664169,-92.1567339504883,-135.01475792383
-43.1181067635131,-96.9270309172662,211.64203428835,37.6810073397864,3.29440247500987,-79.8379490914637,-78.6021845408248,1.7162944750753,22.0626190091818,-81.8635723436107,59.2915023743307,60.1951826295047,100.725816920605,-0.80871613718648,-22.8930036570513,-200.525005645245
-39.1829405138897,-54.7569033973115,85.7066527619461,60.7210969429675,22.1491585711298,-38.3031082156539,-38.3909988157007,31.6150077371663,-1.95828156689416,-15.1237534222937,-34.8181269037632,33.8627261297264,43.0365435812199,8.49056993128723,12.313558102195,-250.359821768278
-57.3871842277621,1.20374326408157,33.0506145097838,43.9694241603214,22.0644401323708,-7.15941967277571,6.78355209551988,9.74065898153459,-27.5091862290032,16.614454843413,-14.0773569488797,-26.753371245076,14.1749917270406,10.1429480280598,-31.5405680776012,-131.299070920555
-37.518115608303,59.7026745877904,-4.63921557189747,-63.1827606885577,9.33819730401789,15.8549479042255,97.6922186047299,-36.1912003415401,-1.23617047577994,-26.3466474189886,-12.18996863575,-74.5089545882664,32.7289385027468,52.3231184910738,-32.1095543446461,61.4925744347695
23.8776126413555,77.0266233468386,-129.821283426421,-92.7532175619583,43.5609567329875,49.1619336812046,124.740553066523,-72.5878771315018,7.03373117524592,-60.9629249293602,-15.85437273229,-81.0354877146937,29.8218186564935,90.0327563665419,-48.3209155647558,332.853083962017
52.8206449779492,46.7870521836438,-173.218967071423,-18.1536835493377,77.3148392650663,35.4821625394732,17.0939159690091,-78.1797832440672,22.468273528621,-15.117122051487,-58.3814001717201,-29.6412671874581,21.4987433159288,71.8868761372221,-87.9730741190392,490.676305440898
31.6338445260811,-11.0662777670622,-119.719801055005,19.2849353761082,115.546353939194,45.9536474724177,-36.6171485823379,-42.9146759481453,12.3164310048913,64.1982730586122,-300.496827766028,42.2976297138031,69.474041219753,87.8790178248155,42.3212641941103,296.540693512328
11.4544224726103,-52.4752550423101,-83.1042321303989,24.1233521863734,102.754642278258,89.859700840897,41.6873162695316,-33.2006503989159,-14.4916648498061,136.803965744351,-488.739859159289,37.2712909391696,79.0797645172375,124.735074304645,143.157613424648,45.694378280983
-5.80298340243974,-81.3670779714939,10.4221640777049,11.5884694851443,30.7202825119571,87.5248253583307,154.041352110538,-97.8361457436515,-23.6886962669561,110.104184036978,-355.597323903419,-8.55405159586894,47.9253454891841,117.242654728468,153.09291292675,-170.06542350188
-24.1319324326816,-98.1940880140787,128.036688932827,17.1363212780059,-17.4335562359075,30.0018453437487,149.714727378786,-177.329382799226,14.1036773701198,41.9210425651719,-119.437474131139,13.7290967871062,35.3269305281775,70.1435957163135,85.4672978123987,-357.070931435233
-13.46874011206,-86.7757018084056,143.863647721643,-9.1624447845315,-34.0410724721632,5.3233663506763,153.611574848169,-196.659971588483,1.97570271226002,-6.09982611872039,174.225456146636,-7.25604880722005,-56.7464554320216,-22.8570690209818,-6.90418181419193,-384.010770676204
-4.34744330576206,-9.04200396962081,129.10614305073,-32.6143525017896,-118.906853221928,-34.7896233549805,132.859791657014,-184.538514759155,-37.3836695461564,-17.8839641487858,544.296410019257,37.6499982337237,-254.091879577196,-183.088459663951,-131.156612087298,-240.396851217434
-5.76173675062424,71.2021153658044,137.714529268789,5.77485873806029,-216.813111010608,-135.564390796305,-24.7675180830444,-78.2063212364336,-0.765204101648237,-2.69837728286018,690.4664936496,163.623066923255,-388.570689966901,-312.893953443421,-228.326305145307,-40.7569073648666
-17.0136748893404,98.3970935949543,121.337342721133,17.1664631322668,-220.359969209318,-159.228144295534,-111.874260191359,71.3384388424456,25.2726363726525,-47.3678806999782,590.925482719388,94.0067852546606,-324.734574092773,-260.521463952243,-165.504084282705,120.450291843023
