120.012978985224,11.4492287106521,-125.950737891579,-63.6814317098149,-52.5044842535388,-8.83575870133166,27.2675250085207,66.7992104700161,-15.5198030564667,-77.1887868768745,88.5018689680192,59.9513883195993,13.6038561322808,35.735162715663,34.6469565145309,20.8201396734219
55.9973984153029,-21.5441724600744,-62.1229960692003,-38.8559887757266,7.0497175491073,30.8085203469986,20.389852005246,56.9737831378207,6.32795805774617,-117.683595153748,-20.4341182958769,56.1748440013815,2.41313506152615,71.6654480436944,41.7744148302741,23.7614922585287
-8.31492276430597,-84.4559109924822,75.13538798122,1.83896376482879,37.7180887168049,41.1699850432996,-14.0403494986714,5.90383590324656,0.393413153582372,-30.1199549345916,-124.770953026201,43.1293390925408,4.96246819180097,70.5192236922904,22.5723765776227,0.68957426485207
-44.5436135156542,-63.2686330713359,81.1907006349561,16.7171540747167,61.0823501400613,42.1120750993066,-24.0924418743474,-4.75545702488949,-38.3853912908518,-36.8893599592013,-138.503934130212,115.669464946978,46.5743321036012,48.2711421220831,-0.886677148343836,-25.0934804035924
-148.659939886033,44.4520514153085,18.8129979843094,89.8189624256457,114.318960120952,45.0481971828462,-19.4234776061647,-54.8026895230198,-72.8103050251601,-107.555673680438,-72.6222516173858,132.608801595581,76.6447359315782,32.8370989631092,-9.40162860029034,-29.8140299486424
-274.582193289762,63.0780303062672,27.002481599798,182.505283549783,204.394789043684,97.3754553225569,3.2588749098737,-88.4787015523715,-185.56222558572,-90.8252540229587,-127.552566854255,89.9316572108569,83.4799623251131,69.8681573014886,18.2492276036671,1.45562353072796
-247.053394787161,19.2539998971745,64.9370535134262,173.676567146403,185.351649557664,83.7277441394748,1.70824327659854,-84.4379271806628,-285.707361284513,28.4392476114162,-34.5729422757499,16.0289170568822,87.9134535606965,58.8127076032907,9.80948481969597,-3.42613356136064
-146.460496789384,-46.1718441322595,126.169434907293,147.490200046221,86.8269583555476,4.83478031655571,-22.5603117870038,-98.1258214784481,-214.90841773181,225.119129228498,48.5524928257819,-142.182488868024,18.2240562437589,-16.9328458108732,-17.047881846404,-2.22228545671339
-70.5523829199574,-100.638502399245,133.771953942633,126.23649206407,36.1884833514626,-15.8390540327692,-12.1813932964454,-88.7815307197387,-118.654394855001,374.428163913956,-47.9669191336164,-241.210073763363,-65.8776788183462,-66.9421454476753,-29.2604660047232,4.55294852315581
70.7401438957889,-70.6613669650379,8.00786660277226,7.49567715554778,-27.3457646869992,-23.4489882767668,10.1509342204807,-32.7661628176035,-55.4819556415447,507.225722283699,-111.281455930915,-259.955208220172,-134.426078928908,-95.1127628650154,-33.4447580851217,5.74985319469195
266.684769876797,-160.532012892624,-121.441888558695,-74.0205586267925,-41.0972129304287,-20.302853940193,33.4818504166845,43.7690139012494,66.3718019671735,285.096557106603,-128.005417579355,-153.037749566858,-75.7826239304639,-44.5015972486992,5.92218193532426,12.3533321858183
393.616488346634,-388.927510939452,-84.0983116735728,-80.7999781515239,12.7230527162104,8.44000442186488,54.9978004718752,80.0731717234598,179.139278513327,-190.066219068508,-32.3372067769088,-4.15913635774153,42.6052258228361,26.2524536909286,34.8779397244475,-15.8281601791349
341.866262056994,-362.409799188413,-31.3058332981471,-95.9480909398919,7.97032610993821,24.2941824821955,54.471349166304,73.607388342833,264.962674006728,-287.957702733945,-78.8607508214978,38.1865356427863,18.2453339273255,24.0387559957597,25.5570865488428,-26.6161413006205
230.636154799866,-192.584097847464,-70.1667746209773,-98.3980983131774,-12.1346934667148,29.6986426813021,49.7182666773455,110.055480805423,276.652604021684,-232.839782665616,-204.580051028858,44.8566445484216,-8.14358118254023,16.0215327422364,25.7810323713915,6.38645388015554
122.925137967734,36.8204940417843,-129.020066300957,-116.789863278101,-54.3447300387094,-0.31184846200459,28.1824092352259,99.8531501263986,267.692853024336,-195.136525113486,-142.149167801304,14.659022437607,6.79146338114319,14.8099510660446,23.5105226641795,24.6344655490691
-23.6788722052221,276.552252424559,-126.340705238493,-103.317643523164,-126.292619306187,-51.2462177475836,-14.9973313243805,54.5414475750908,274.005886556118,-129.717574140908,16.7313813165757,-87.9673338961184,-28.3228574188969,1.45579672130344,11.5027359381673,30.6648285053271
-137.182170205945,374.801207478988,-122.540269728466,-52.7515949324532,-113.251378798722,-46.6378938894819,-32.4311244596537,43.8970288028914,168.43799074879,-52.9484120217659,115.635425693924,-134.704650476014,-83.9800982504708,-33.3060677395211,-4.04760769352976,46.5647855170683
-194.322575393421,290.824512337069,18.6383471175475,-30.6965171852215,-63.4066417945057,-37.7103096775654,-32.3302281105211,10.610652293686,41.9791794618281,127.370101104187,10.6875358979685,-71.8654385141775,-135.190808754699,-85.9165336777477,-27.1557040561042,49.8601835629948
-208.91040706717,136.01956500271,77.0612444940594,80.3019772294246,26.8563878628121,-10.6586782007701,-29.1689990316331,-14.7301582407666,-69.5425339118742,104.706537827051,-76.0440986010546,29.3411841115563,-73.1179846711272,-63.9298588688866,-26.6631515525106,40.2948215817344
-162.335410014416,113.308236491484,-50.0255033733105,115.84161713076,77.7389024673907,31.588409197115,-10.7789555202339,-8.48577155855401,-72.076217242902,-246.084830668825,10.0173030472412,202.174892785598,70.8337292377351,32.9054465606886,2.37278077211795,28.8189699277711
-89.4951179723438,-33.5373479004849,-16.4591101803347,134.390250964079,98.458602302995,51.2468669326852,5.50602537173767,-21.3627396423435,-110.604242324993,-260.810252433534,19.8055423420213,205.881436017162,80.0468798213717,76.1678624943335,22.3953954669501,19.3991048665449
-42.7787999711257,-213.540769493024,39.7708380962655,213.388916163995,152.709447173858,66.2730556239073,1.13161992881308,-52.327580993892,-222.959919971637,-45.9319866263609,-24.9119091778396,118.943727071222,31.1673135451753,60.8453666293859,14.8396930512706,-2.79515813863725
-2.16504379458118,-75.6840112212811,-131.429812858905,201.825359629425,102.980309840645,19.4888263501728,1.35481731814985,-32.0767162626089,-188.461345454409,99.5943436219099,110.818183241467,-7.62710285291334,-79.0737559440378,-37.9774386478331,-27.5077222109822,-40.7173727732049
22.8480522963063,186.805140080762,-320.637269261627,124.415499011339,-12.3834487326216,-57.8260551721999,-3.82537463477131,-24.4876375783651,-113.642982192736,274.81993953442,280.247401389631,-170.937747038049,-148.763315699552,-122.55135623659,-63.6716201371008,-85.2380024593889
30.2664591377013,294.065932429258,-149.36661075385,-129.545851406267,-136.529525896123,-117.211080805689,-24.8889738302224,-24.1106172002945,-9.81327820454851,250.526638533588,300.927096897434,-127.956083148239,-55.0714959544825,-70.6498645869263,-50.691961241501,-107.963702440831
80.7394444575314,209.475892095661,23.236884848817,-288.030924312148,-175.578155528955,-114.952756234574,-20.8579527225779,-0.523301022053261,74.8774273935085,190.719622036341,163.590968691277,-44.3377084868222,-19.0728414662086,-2.7733330612449,-14.0681637259278,-87.1447289272483
132.578870489072,104.769152887017,61.5640045548638,-317.732976409166,-170.05258691797,-75.5987963492047,4.63826934271317,35.0866781676771,165.006550248838,9.78328435194157,77.0619988456415,27.0306534973124,-40.2230744139522,50.8943263342503,26.8924855299404,-31.8088958995266
152.348091764108,-85.8234035210346,142.321294757189,-260.362763546435,-113.343472233282,-21.8402483111595,29.9525041905811,80.3446744467441,184.19284827497,-213.336160738744,14.6559847999997,62.6419634267835,6.46480149970171,83.4786724773807,54.0208319018917,23.8876274077746
129.164702280515,-345.619141966337,169.97076697062,11.3467856152862,29.6454486690551,46.9106939183687,25.8239851259995,27.9689832882359,22.8640155583783,-217.91711183665,-50.0360552834772,72.6702762566855,89.8000005690108,51.3032604230877,24.6978291629079,18.0044535716554
-72.293639398019,-346.909572048331,253.659119695751,203.593618383678,138.541381561451,90.3982679582855,-9.0675990322236,-45.8612556048342,-202.065339271349,-22.6248437839567,-137.93056832756,61.4309043171754,115.222807751288,10.7639220535703,-17.0798426993784,25.1570281537782
-322.465294756173,-77.4909230180308,200.40686528761,258.536739281649,218.247303795737,115.067148692496,-20.4435819575001,-92.2863945705025,-313.966543198342,112.69800094629,-212.18964393536,29.3724499720757,70.6062847349614,0.2769689893276,-11.7890939531935,74.0810590395524
-384.821297804943,199.622055104307,82.411815791549,170.253116082129,151.059285115388,62.0346214189773,-12.6326894823193,-72.2303826584274,-121.702870063165,74.3473152486295,-207.087166036977,-74.8928871568136,-1.709999377815,-5.31743633015907,19.71999656247,124.870502726879
-279.774422780521,302.260927576827,74.6372219677106,1.20659085699646,-30.5681202367996,-30.3468405271204,-24.1911511086851,27.7460462180218,181.536376233269,0.76064987700579,-200.25038005249,-164.009358561143,-52.4708412478271,-25.3976003998446,26.3979653184102,132.892944820604
-101.400799705954,241.485694197538,15.5940986754525,-73.5327205606155,-124.09353036909,-54.5696505904487,-35.5022738661918,45.6374328877928,327.2951508449,-74.6560932968604,-110.771269265105,-125.340359910117,-75.1080915295593,-38.8525778063189,3.20818826929533,76.4769713678277
144.746385712726,18.3972211041719,-99.1222476376887,-78.9773766420703,-107.854750066379,-26.6656633819134,-8.30774312788446,41.1050127677511,313.777743341299,-93.1291570058255,-75.8498608449228,-54.1191739848883,-52.544196329933,-18.9589348482913,-4.36983748784235,23.720172901928
358.460133024418,-196.910449118874,-168.90610994606,-96.1507349228932,-78.3548669806008,-12.2331274360446,23.8262947399431,31.4468605211556,237.539038708757,-149.70198525905,-4.48696728775019,86.9730496700732,21.3516957134885,4.02602785200776,-10.8482052988807,-37.9264349079833
404.936879202804,-273.215851136168,-125.998386763744,-112.316050899994,-80.5192015407649,-17.8475006593745,33.4026625155441,12.4044367208198,113.228407711002,-38.394709092735,30.0883627389418,131.140438623771,44.8432590962948,-0.747626436322264,-15.6717494601407,-61.6695977872719
319.627318699655,-230.290909060425,-110.044426469623,-73.9956550975936,-58.0752355595231,-4.19538261629099,40.8977013247358,29.2146873065321,-58.7539418213923,45.4152889187787,37.8908609204962,150.624099987329,59.2758317284614,9.8569281741525,-8.28448704674531,-55.842486270966
155.147831062855,-131.343796728562,-97.9308264501907,-4.08397412509245,22.6892477898484,24.792593805689,25.1235781364561,2.7958367933046,-216.124218221749,-29.5550710812152,131.530033342223,212.416878818296,108.500605914328,38.1743512598025,-7.32486805304541,-70.7570736458348
-22.1470608390341,-88.1549601213565,-9.94928315447266,84.0577507960212,110.353337595846,45.7422286225506,2.51949357372317,-31.7660582749505,-300.954252793941,33.1669298369419,157.836711508338,97.7715029557196,47.0606671090735,18.5218840467995,-10.3206982957372,-56.4783545426586
-153.774509293725,-29.6996630438422,67.9321965458089,115.990626247478,139.686134023714,59.6768479864151,-2.8725872613344,-52.690309034109,-307.404881904065,170.336423954929,65.4822366995136,-38.6305943997252,-25.060113797064,4.45259302707996,-8.98406088142195,-45.1692666349221
-189.990980822328,-7.70554647460358,125.612581188251,81.9817815180801,138.423050338242,61.2983065835642,-0.178386723406447,-76.783503192398,-234.527621046473,111.721961713442,-15.0178547377886,-27.4401441417893,26.4399140764725,35.8349827683776,1.22076755562296,-50.3934821286041
-172.876877035456,-44.1465163317445,151.392468339329,77.2071013343008,134.764870696723,63.2850297605073,-0.714614369389523,-81.4044302642169,-168.820654391312,58.7310914552756,-76.7294028686262,-13.458557453348,47.1941108991826,49.6936260835405,5.14178522453437,-23.6784932738639
-149.128206056257,64.3563649915093,98.8724750932056,49.3185972387521,28.3319390466835,8.97042312684039,-24.7359168199676,-54.7309734819767,-125.788260923151,235.292226635181,-83.3051153458824,-76.9352937467937,-18.8627772668527,8.95224225421823,-10.3959417207577,5.60487231980323
-59.1987693701561,232.727710917429,13.3084179081486,-47.1014006175985,-170.139764879112,-114.873331329443,-42.4170223050428,-8.8009597649428,33.1848757243018,97.228670932594,182.054316854826,-44.1543183944001,-6.38018110189802,-31.3336158760445,-22.0999855484395,-10.2703437746413
63.5719721844591,64.30568069654,103.065793462846,-102.044478099279,-207.694323572354,-132.010698121209,-23.4045749361682,13.8948702497624,126.030716818242,-255.15928573653,299.56581829134,97.6112944124227,128.411177692855,14.1879601547278,1.10183119855299,-23.6648576465914
99.5029487776791,-110.817516969777,179.051915206291,-126.524028511463,-111.436887818909,-60.896282890957,11.3525648510957,21.4628015550034,123.119707609034,-380.774431621137,162.737970337458,163.714921558107,183.900316092045,62.7032295328226,24.9199770411403,-22.2327106500053
63.5483399460525,-53.1455785404967,90.8565523042723,-137.289176928539,-27.1465795564797,-11.7546267523843,26.9996313430604,17.9870729567843,71.8425371950225,-306.83614778124,49.2391195661874,197.097442892661,150.433737897162,59.0269803641282,18.7547444352759,-42.7649347078296
24.6999763773734,-93.6031038297501,65.9315440785634,-56.9157974847417,66.438284468839,24.6069633621769,22.2978701897349,-8.66756087784911,-91.8281162758572,-207.38832439833,44.7710494437708,228.626257588422,123.48874799391,62.1900181801694,13.1295701454496,-63.5333165612784
-7.509153210046,-118.757962625513,18.2251781568027,72.5370993397319,107.270397636156,28.1054331458168,7.5641351632372,-6.69451208945659,-172.333535408337,-158.278508915285,71.8196897671474,193.837591447652,85.5017197348404,52.7589729459731,10.4082170932884,-67.153565926585
-25.6257729678192,-34.5018784929251,-89.5330059386838,125.009279717528,89.0262679748384,32.7633898392516,-6.8422702356941,8.34333100487373,-101.518444408676,-103.17728978732,73.1658356608271,68.7982544982862,3.46217209261313,14.0070069028508,-4.99507926742021,-41.2403302359699
-38.7923566910343,145.868104508819,-165.463273808845,48.4138429949584,10.421814565039,12.0423692033791,-18.4060178476172,-3.19173075340249,67.0331993877839,-3.24416114614105,65.8383980206236,-92.8458226011588,-90.4827366353764,-25.4065861222279,-13.822610608062,-6.83355432826272
-16.9476277218382,213.600475880622,-103.741711197669,-64.139478986647,-91.0376759769294,-36.4865153261719,-29.7344441705453,5.33829855130475,163.090177963922,211.101261545465,-61.5275475526627,-165.442033745765,-140.692367872164,-61.0299809601333,-22.1617359917625,18.0876496585244
24.9894073538255,168.90654675147,2.13195016472631,-121.969993347622,-165.891900613079,-86.2797943324828,-30.2850743386808,18.018409484262,162.491244963746,396.976832097279,-89.1633290403132,-202.815888373029,-202.634744896836,-122.065521235072,-38.2215772634359,42.8936183223841
72.2508702989627,106.715801249424,-98.6861512727191,-59.9032554699021,-104.831538738199,-61.49801182692,3.43052480140014,8.42815632055729,178.561473020189,354.812273168178,-94.8380026375509,-232.910405958879,-231.418830850447,-148.454336582115,-28.4646953724515,60.1144507648226
72.0960985528271,40.9574432604292,-287.587145452315,74.901109751903,52.6134442624768,46.9563028057239,46.2709162860731,13.0559560553435,127.340311777724,214.59395952632,-187.36307661893,-236.077423432568,-196.688670080491,-104.251615798674,5.5118481458763,86.1993130357156
0.20198475171622,-6.57734737131365,-172.627417050791,113.885998951664,86.6325693634627,47.7917063062891,24.7840928250202,28.003604188461,56.095784316448,210.08102457758,-280.893204763711,-182.913192328494,-139.055909683333,-72.810718847926,28.3670155849771,105.617084928704
-24.644647531473,-79.8144392259302,14.7511097751019,71.7978549461323,72.183045323841,24.9782552302162,1.62983419550132,24.2741292686628,12.4628677735417,151.546276855416,-272.857783065102,-106.753742591224,-44.8562742502488,-23.7823575716338,42.132458324986,107.466981739059
-34.3122340976641,-63.0876428351259,28.2095766728888,60.1482634270707,43.4543525682657,30.5169410218727,15.3275231206757,25.7221692283321,-55.7956173282902,28.096431657352,-77.6602299339369,-85.9590802211651,-5.90291900054626,16.2068835456169,47.5540851834242,85.8674382701175
-77.7347784550522,-61.0281038999894,88.6260302149015,92.3417647218509,13.9417181793739,18.1887323932624,13.4529427217176,23.9009624009774,-58.4193964442981,-59.6038414194073,55.6978298010408,-92.6531075346212,-28.6775503796511,9.50183591389446,35.4685004636096,46.5650144876822
-105.923754073584,-42.3633009643106,93.3427290883132,95.6036599716518,41.9880505324311,29.8793865462304,-2.58864373794129,-5.48155144491301,-21.2689326819832,-114.814109679456,25.8186917777992,-51.6745876108905,7.82679803447431,24.7949756761034,16.1761834644557,2.33385940301366
-66.9439750634885,-13.66274309342,35.7529761352929,48.3315604741705,55.3820622751238,33.2655939013407,-9.88377619254675,-26.4451330160453,40.3975367974576,-166.86716024822,-78.7214038626032,69.2566288435226,100.878058140352,51.1295933508538,-1.24888607900385,-45.1289908287733
-6.47248595659686,20.917961679044,-24.5542714445098,-4.63193254206628,16.4779314141677,15.978055429793,-3.48742866807202,-19.8398613435776,137.579996471826,-227.727331895884,-55.9903514310544,74.2361280775457,118.920920356879,43.3285659332381,-11.5725416785471,-49.6897108693791
-13.049278820972,61.478131613074,-42.8242819522551,-35.8597137104491,14.0119652699434,9.11743255818704,5.33325438050761,3.73690655165534,99.3694151426779,-99.5180323156746,-61.4523198455076,-20.4442227623443,64.6919997916203,40.4982473568355,-0.558121892857812,-24.5334796571414
-25.6079240371104,160.85990224004,-70.9488928393861,-108.186839750099,-22.9786090456103,7.77294813217142,12.0895529426476,22.2653431766118,43.7033533340673,116.295701036997,-68.4640947593274,-108.840116201485,-29.7552176936962,27.5371483814916,2.16104561300861,-4.58320591329702
-10.6379284680808,198.162785789531,-71.6443001419777,-110.327373814357,-88.6776928071794,-25.1860752468962,-8.5105191441989,9.24254105847376,43.9579821860858,140.153049643173,113.467558605417,-93.6814079498616,-124.663977311195,-37.488194818953,-36.0426957399274,-13.9729151403862
25.1820183561768,28.4067322789001,-65.032916582667,19.7465395254563,-6.26731186473895,-9.6582550317884,-22.1640855424439,-32.4435728413601,-12.7641522204273,-43.6092667085219,177.440955571005,48.9893824789637,-23.7970834647191,-36.4160049042771,-52.0325359789657,-39.1713446273
85.761033357795,-92.1852252690979,1.40235007213926,-53.1999039124328,47.9285956586686,27.5223744120967,-3.98560364986723,-60.9594605940757,-72.9896666150268,-102.478175373902,116.057921973146,161.160794860539,112.395958504018,11.2796318974731,-33.3677555740046,-46.8433010613151
111.430714495019,-126.264965125518,60.9050627501409,-117.762769193755,21.5718168496119,26.2342998328937,11.032223606002,-23.3520732804687,-135.186392178039,-90.1721592495232,114.539157968486,202.479238095736,139.54541266572,35.2916743579653,-9.57265335340605,-43.4822834006518
83.5953239803257,-108.621888607662,9.88922666350123,-12.8194005222921,13.3806369933068,10.8432307360704,-5.46685250955852,-4.38607707070958,-130.935576672842,-96.519319510192,118.861824005063,180.781864886884,110.919401558128,22.5012132836882,-5.39565799595525,-35.246289954043
44.6478589452345,-40.0343749078877,-16.7692099651837,38.9602832562769,-16.9686265057859,-18.973782306239,-20.4490483275781,-23.5243930992591,-97.6611798362279,44.1329730446306,140.2727418145,63.9788051136687,-4.2087007934455,-25.6817544327815,-18.0047895039062,-32.5891295762586
-7.10969110230487,61.922386291579,-45.4998415684263,45.3858640970884,-51.154493268225,-38.4443098574102,-14.167863874099,-10.1256243458995,-145.700051509464,197.78103149129,169.426419213983,-31.9597507362861,-83.8844317354836,-49.9350674471276,-17.2354860256187,-31.6156399235623
-35.8507740706623,11.7462775992268,93.964478131212,-12.4400808612745,-48.1679580511006,-29.9579864947233,-7.30097815172505,0.489407370521917,-139.431438801897,171.380362856248,138.828769690729,-47.9403190621003,-99.54136787737,-10.510073926557,5.79163681835107,-17.3296510345292
-51.8863464889988,-109.703711428441,196.104022157948,14.3322650427062,5.44119967177207,9.15008966284158,-4.3513029357958,-15.6176037394976,-58.9349874128233,-82.16318132771,91.1954636956376,-23.549342258725,6.17456558023616,66.3089058813862,29.5888803156623,-15.2566986268092
-116.702953742584,-73.5966944706392,135.396182958445,94.7488096053199,68.3706940263034,37.6843945372456,-14.843488164249,-20.6812659856648,-3.33342794464875,-120.01464923593,-89.6080414289115,2.30687300505571,62.6156106128895,41.6526002075358,14.2053846286158,-7.59754450893968
-147.49763039614,4.80528131224997,66.8175699212553,104.663569649391,71.6776799289552,39.5882837299181,-11.9414827311345,7.84711326984029,15.9004929884514,35.3548323565061,-238.681251680399,-32.8946074599259,-11.316718472169,-17.3273821067937,-3.65666305682953,11.1946304907153
-111.696818230042,0.750688280500611,58.1325907318589,78.463131547338,54.7020460173751,27.7488003848155,-9.78573333312857,-5.11051914598727,32.3284294485399,-94.7450393767782,-170.234320770219,65.6963705840553,48.4599798060872,19.4474680719148,2.85179090438515,-7.27829937923946
-72.9141376998199,-47.0799840042196,79.7882735992393,73.5643838637114,59.6700977565861,11.8136206290011,-23.5803033207906,-39.8467774262307,40.4001981181829,-224.138151378596,-22.6804890722884,98.2455312954014,100.086135545107,52.2225489187764,4.25516132665666,-21.4009518634799
-47.1371001159556,2.42597435690409,48.6763701770239,45.714462292961,19.7115798421904,-18.2654938980643,-40.8349902243662,-44.2894299034778,74.7734960311131,-124.496329440673,36.9250748199594,4.02398366117855,53.6193525297994,21.0951465693806,-10.0500519368482,-4.92384566253219
6.31513317951621,106.104200625986,-13.2044452169227,-58.5809383699358,-53.9489311491113,-66.2945366857769,-38.8661553006824,-12.6551476144853,143.456126810972,78.069204589996,-41.8367745902502,-45.3169735996466,-39.5635050221337,-29.9452185386371,-9.07012118814944,23.2629382524687
85.7836044269656,97.3125555572626,-68.1708989768422,-120.651406499617,-82.1576707217367,-67.4986574730859,-16.9667286225651,31.7714825976824,166.222624539291,115.95819066202,-80.0496293444206,-34.1046175743634,-83.1576510926448,-38.7382585004529,6.89501940000611,42.0291381513205
143.098226091019,-23.9955302624162,-49.6690293695148,-144.840456949241,-57.6674365483986,-11.2820151843487,21.7461327300327,85.8509808666879,130.832095924689,74.4347175811295,-128.136151768105,-74.9504948175024,-47.2881910308147,-25.3792746507291,32.1258654017165,73.6217353112349
186.20557239834,-129.180438132739,-45.196626405908,-148.505452047355,-16.2146590869036,38.9197622709789,68.1668848022617,86.3254302497246,52.411232707442,47.1468200609133,-148.812069831701,-75.4200486495638,41.072239942574,-14.6884561914297,41.8276778373215,61.7108271869253
164.759256672865,-114.60473250156,-58.4109093072306,-103.1754966535,-4.35141480127695,38.1747462332941,67.5778432284677,10.8383357146561,-16.100928416457,-64.3484065596479,-11.8199986436387,65.0294705321838,124.448189553564,-3.67578566808019,12.9307719921168,-2.32072189956693
84.0922408580766,-147.312681568883,11.2339605358352,26.1836455894499,-3.89707949726607,37.1602483691576,33.8063970366408,-4.61528345091183,-44.1432171514035,-69.8527360819294,-19.7622404214584,59.3878368322911,107.037393215048,14.8486099468068,4.94311907812085,-7.76703363609138
19.2974577422864,-221.163395315486,162.980724002146,78.2329988805617,-14.9445454373517,43.6876750690765,7.02821490046004,17.3688542477647,-4.13744118668069,-61.1930316227821,-121.916973732344,-19.9623237310327,80.5881508011954,37.9033470797522,22.0491198744088,28.2710017150113
-33.5563371034847,-58.3123735811649,155.462675263221,17.4955193059656,-82.2361243352783,-4.39813871083985,-5.50967480472404,27.0480717686424,63.4120544352056,-30.8997293327238,-31.3090554082698,-71.0112803998551,-4.77090082145438,-2.517332879507,12.8025496257649,39.6309002727582
-81.1732881995414,160.972754470016,-25.050785761063,38.0186304902792,-105.215746877088,-55.1593259110021,-5.76506215154501,42.8276913117195,43.4631254176178,52.1870915383368,112.318350102329,-84.7532108799777,-142.862901813165,-78.2223104612162,-16.6627433675942,26.6589649753681
-78.3559397063293,233.302782316461,-174.100617710094,72.1596549100559,-56.8007105724998,-64.1764698346549,2.33867298967962,46.5579738591138,65.7946984471947,97.3923830969003,50.674945078885,-89.2125502676264,-209.140044727349,-86.8525038811276,-5.87409049524277,46.5329564026862
-28.2431974738288,193.125237140937,-190.605624058079,9.84871693311985,-3.41289279457546,-47.2818445724405,-0.692790952572632,56.2629421183365,135.045686627613,-11.4034190750712,-46.4305913524727,-26.0037789146718,-158.535199699843,-25.8106853975265,26.3178383977061,51.8031719573089
-3.51234415038606,172.94726281821,-84.8399732079345,-111.29621623814,-15.1783842668258,-55.1597662884772,-19.741201446584,39.2138968317113,120.35668373419,-109.569708689427,64.8690795854062,58.1053544414327,-38.3085347550025,-8.9404036960913,-2.28691948759439,-6.97637919381174
25.5419963786284,180.756380638552,-133.402180202761,-92.2944153210362,-29.6613136495873,-48.720069881789,-24.7780539742217,-13.1637448852753,20.0205276873249,7.52719910595397,114.376151676816,69.9374047780605,45.7920513959423,-16.567927095759,-41.2246163654477,-56.5896451877132
84.135329940619,16.720014135346,-173.133198758337,-0.96997516444759,47.5064966905423,20.1891481196831,-3.73267417779998,-34.8811790831619,-146.372045932564,-14.1070123787718,146.254543180048,100.074977123657,132.320752954574,34.8397136939993,-29.5312711900345,-71.7582218481723
106.263007335889,-193.62380759433,-47.8267925936867,37.914224455914,117.904743835245,75.631030246267,14.8649148606893,-65.2967276826555,-244.792540539574,-241.538367791522,200.459269316218,232.676042651465,256.681495809835,122.010002811555,-2.31171776710921,-86.2956384299869
39.7688679588066,-253.503054458012,59.9508855085755,87.9320685168019,156.46219862563,88.5418336604673,6.17087779698115,-82.9542195173365,-344.80998113169,-165.648006805071,147.906267525932,272.932976356494,221.582714422408,127.859362063959,-2.13400596283549,-89.4923524703466
-50.3759256094858,-253.859748252661,116.915014701382,140.14703159582,208.438361626952,92.1265663584239,4.84474849277859,-79.2455535324335,-418.31047475989,112.513707704479,18.257595292199,140.781015126647,89.6805654186875,50.7815987277328,-19.1392606493813,-66.8468239569036
-98.8942289612314,-131.027847316377,-20.1720767627428,174.357383431736,230.825649046103,109.122234209207,23.5087934255492,-65.0845234461991,-340.79303311076,405.130563288321,-172.869534941118,-127.302109081147,-73.3573371601711,-24.6285662110191,-24.0681085239561,-23.985062158941
-123.788782877204,192.381821614314,-212.192693171631,79.9841540840838,108.227453510212,66.5001203111249,18.7470702568323,-41.3418598472821,-138.166873596407,500.000483169204,-219.659192762018,-241.736316204562,-158.407900813068,-57.4620033391069,-28.6966431393805,-8.29892254092135
-91.4070693849463,382.717142804886,-151.859130413672,-117.665981376409,-110.065904697158,-46.0864250007511,1.98100499743188,0.990351225357387,167.114670361398,107.683316020648,-91.8925633324188,-53.9330821401726,-52.8847368784139,-11.323443333656,-6.33761985368949,-12.161986821235
-18.7281866276483,263.060920655768,47.1130812686158,-214.852978098887,-222.844430839729,-98.2707228659919,1.96701031982235,56.9960265833512,340.807974191722,-75.1604003585873,-36.4773406603679,-92.616880412596,-39.5903905803042,1.18964544057839,25.937203695027,36.7749115070831
0.875047391483259,119.398848579756,146.256399686086,-169.518240084122,-201.119973335579,-95.14123965828,-4.82861254890355,52.4027751640782,316.447597811512,-110.602548289663,98.5267643035472,-184.783306203847,-78.9949961209937,-34.8828529391243,18.2272807384931,67.3685342043404
-38.8452149656488,91.4845473811619,173.954323628978,-76.3955785356699,-175.637886132735,-120.503543573282,-26.9771473743118,22.233324989306,220.252507368948,-207.116920429174,310.116986300851,-112.825671668304,-72.7940157720067,-57.952704275764,-7.53467300240845,30.7490813313163
-47.1489062281937,-33.0648293682984,247.391673407706,-20.7267758995193,-110.188819506517,-89.427735562684,-30.7542255004707,-9.5502359732227,72.5947246121149,-226.416176114984,172.267235037201,122.308700664885,34.3403076554237,13.4135397256289,2.93933563422436,3.35360369293446
-6.4490077967266,-181.091723522199,232.322583324194,-22.4039865744493,18.1351889185477,16.2153568815757,-7.05242688412759,0.937020743810507,-75.5064824608994,-349.946183032878,32.7917275652813,307.673322017628,178.238276617412,126.255934232053,34.4593307907421,4.39160823814183
23.5179854372495,-264.58057402296,126.215641691317,66.8149739701781,117.792604535493,84.1614085022384,4.38739724041945,-15.1506819235811,-193.220128560212,-237.065555865757,13.9087177363956,223.195643566645,166.928776924268,116.617336991327,22.1009095744534,-4.70303082407756
63.6966796554383,-193.37614343028,-46.9336089626814,107.742613429719,122.957362525815,75.513151985587,4.74900959025609,-38.201108928315,-154.932071542955,136.789996688527,-162.461696681361,85.1311728680486,18.1238787292735,4.75676550817163,-16.6180524581014,-7.87232615979437
147.637411708366,-48.1149629454826,-217.466046792357,33.7260240073386,31.9206009152098,13.1130224725319,13.1465246542635,12.7675088919985,39.2100405231486,422.991831471412,-233.467230944982,-165.183278781989,-177.474922628553,-123.522057607964,-38.0424226368899,4.30543512022911
193.101585250959,-21.8598284367471,-231.257854482361,-27.257889404296,-30.7393210394658,-18.0431448986261,21.9837857071552,77.2690585879826,184.227876905815,373.053847209505,-139.658963599987,-356.113185122537,-245.330609228244,-147.14225497264,-19.4358185770756,18.1990953365694
149.949821328732,35.8644671325156,-157.237458607445,-72.7073699919227,-92.3349881314198,-44.7869032598409,10.0050146773238,120.337882093429,238.364372189399,155.147555913321,31.8634721251477,-364.888516105312,-217.980747899902,-108.746078767362,10.8704310112183,33.1750485369427
125.842730109921,-27.5860063286065,-88.872521309359,-13.4760381761276,-82.8016601321644,-48.8386744846295,11.8091486350295,86.4423360592144,165.20254835065,26.5737129909384,52.4366758586521,-189.177226609595,-130.407345918956,-60.9180239794541,21.5708831357291,10.1671938062908
85.379684000755,-72.7894680533454,-43.4873540056529,-18.4611358000949,-5.89757541783569,10.0560064919918,26.7946145632493,57.53372450593,51.8827406915028,-65.6674704088052,-90.6583297865016,35.5541732102302,14.6745511762554,19.1569707268607,28.6016959623181,-14.9301915646119
-6.99716502869987,-0.920866907684726,51.4911745610691,-53.9946386725414,-7.51156499200837,18.94844227801,-8.14308945590198,7.31136354580253,-10.507824184348,-16.0371859271832,-51.5558420813489,68.3417225526266,37.995563401217,24.4122057430761,3.4520642764187,-13.9060608872636
-23.3239349640725,29.341247437669,-22.342914821212,13.7618935329276,22.2723856678273,19.2196705846992,-16.3835822777131,-35.4973605820933,-43.9898170153413,-0.108730973844558,51.9264634522444,50.8551734980648,7.25994119834535,-19.4543109751036,-25.4144435295771,-14.7403430667773
-33.9872881622211,21.8910209745873,-31.0151885030569,33.5303951195727,35.5807064891541,26.28003999042,0.877056007822846,-32.732691146668,-63.7816849292687,-95.4404068285474,142.368459529443,7.40994769978353,42.0503924487364,11.9137700866144,-7.1746884260404,-17.9627906134234
-105.401271410647,43.0831396521911,107.538272098002,16.5075818295539,-8.28980372751309,5.21185022149086,-12.1712605541827,-56.4708833487965,-148.562667956871,11.4741816018721,140.02177464469,30.5267797645658,39.388674017653,45.5342677411334,-3.94589522629164,-26.1380470307062
-173.719578898873,97.1206418028978,122.35470293982,25.7278534415478,4.78549088698514,5.96770540547467,-7.23408295417215,-47.2951683196848,-175.661502479989,84.8269783532322,6.04835837812064,64.5691783212757,18.4872931547873,48.713455710681,4.12572551175947,11.4743589408686
-190.676558823979,83.3010241134793,152.814687853806,28.7382099170478,13.8004436175629,4.84713856245902,2.33575919114776,-43.6860693877427,-75.390946022016,7.26642017010647,-55.7672195342933,-1.62722539116879,27.4747120490046,55.1534422288877,26.2899102160293,63.0665718870393
-173.032981766816,62.1427210695288,175.044191325919,34.7952573931999,-7.41120643771566,-7.76224390951034,-6.54942853656752,-68.4665076458474,1.5143601049171,-37.408601592223,-82.6490105904095,24.6586401363912,37.9348830411386,47.1023966672915,26.881341344405,81.4351808555323
-132.8358946029,-19.6985624408513,195.66858204839,55.692187520531,5.67818263240906,-4.94436050669877,-15.4191626986532,-80.9703034805396,-11.0967859002896,-62.906623074806,-71.8813094236209,96.7119684800113,33.9906537635943,32.4317494605874,14.6802885715039,84.7166411190145
-61.1908253902738,-74.130783900236,126.753797008376,66.1860991275014,29.7275926491945,-0.127229766301966,-19.1589810096093,-52.2347437108902,-91.9566366814507,-81.4659375967803,-3.17183591202993,172.584131427778,64.6950536726577,18.0473117638436,-6.59835613198254,64.348366313399
-1.53092280513211,-34.0266142415261,-5.30981351735334,54.6937647394428,22.13908050577,-5.19488171157067,-12.3111423677922,-8.16097931000883,-42.5826847063311,-104.519367782786,20.983608639048,114.102428691953,68.1433029477108,12.5093472173851,-0.421817835769573,53.0236955462825
9.94850008306828,27.4956949651841,-70.7315194461212,31.522752294729,6.1826596179243,-9.02953518804712,-9.23823982099225,3.16400464803127,88.205139687953,-102.154181386842,-23.5596805183433,11.087839467332,6.66803450454248,23.1107717971125,11.7203590833062,38.378463068914
-44.0127743185503,4.60021628538436,39.5438863290068,8.16715524175204,28.7500860738232,-3.40827266893408,-12.982369304307,4.38205737073002,70.3753523412167,-133.207696016683,-37.8027924874539,43.1129670583556,-14.13609147637,50.3063288581698,20.1781551970008,6.33335443815594
-101.111256115233,-117.012683578053,169.952620462091,59.4500814734719,105.515956740416,31.5767325252618,-5.59172965942657,-17.3986714045146,-7.82597047270804,-186.24896534657,-0.397614326708094,46.7474591917003,-11.010093974986,31.1479726769579,6.54256847121258,-32.1568546408
-94.9115625683697,-143.564779210049,-2.69084192658681,201.847599109926,204.574151034841,78.7437791941073,8.35401786537049,-40.7928413585493,-39.5575722464525,-238.873106794954,-29.7554821783392,67.0559279056171,35.536228474556,-7.56339035648259,-23.7784815380068,-69.8577684785807
-35.7483731785383,-71.3070489781662,-146.929433475891,210.917215119609,155.995901927546,52.6505456516119,7.10341909523166,-21.2045211729559,44.267698064432,-225.28594051341,-118.062577260923,74.9278144132286,92.1614741088043,5.69322969118741,-20.0763426202948,-80.5307505294877
33.0248943283729,-52.745576161981,-106.708335882304,117.324550775581,43.1019093999171,9.0630764991091,-14.1930748194448,13.9573330669033,8.33921229405823,0.0504682940453165,-82.8973044481911,12.2851788085586,35.3381002528066,-2.46706909417595,-27.3924219158977,-64.090408440266
114.714165116313,0.894831097428096,-236.394963671928,58.9301841758013,15.1214833610795,13.3403609211677,-17.716808051256,47.8227597681605,-143.51005213922,397.738450340607,15.3255611805483,-154.020409992058,-138.98730253846,-86.1917022549071,-56.5512935684208,-26.8163617378186
169.45643608763,161.429623007901,-305.246628394855,-113.240549631814,-80.8659071560629,-30.1462099069589,-4.37283359941034,68.5949419189416,-15.3800078839981,514.161471989333,5.60723272147914,-246.035571550129,-188.736848755977,-122.054937538928,-50.6689612429818,1.077097283586
134.083066988334,247.601368995209,-110.80222963416,-298.156407162147,-205.146553554369,-97.9213130694068,1.78941470040001,94.4436575137084,213.170481154612,323.398525396874,-58.813441804454,-216.197762687014,-110.930512132439,-74.2056877592612,-4.03642938180303,28.9639746568739
103.640621577617,190.976046762931,19.2389153249063,-286.26785101119,-236.725822285501,-119.507196765685,8.24207619438666,102.694943966794,273.821817672767,174.824271886712,-77.8285579766036,-140.279930725212,-97.8664249717922,-56.5587279320596,16.307997998602,35.5951430091549
113.719997156901,5.92067736624821,34.503788419181,-152.482745958898,-135.777416044536,-66.0914865619612,38.447187506669,69.263350927181,207.289153552505,-60.7645895786966,-29.4228670456233,-9.72844725128175,-47.2015172079976,-29.3798568483101,21.9884583951731,10.0220048315266
49.5415710872352,-1.24206144194633,-10.3276734896743,-78.1506194205971,-37.0632652333333,-2.40347088596413,53.8008638272737,37.5525406548934,146.036723986679,-243.016354254578,-24.7917653570114,32.0983431281626,82.9276148426245,24.2854961832195,44.8110970405259,10.3803249600063
-3.71567251673479,47.174861638508,-42.5795364575424,-40.0593980978788,7.18044299842422,18.1373164655309,28.1686889050103,1.67146813451073,69.5350290826484,-194.074728479019,7.34854711066451,43.8716790407876,94.1504940387378,5.11121344690352,30.6490937368,15.421362874616
13.8998812073753,-64.7979744536309,-2.82505869095076,24.4644017059713,43.0040941681097,26.1578480877915,0.907764690039514,15.4464524280074,-45.2420592757771,-98.2308186592393,63.6676677412504,21.6631104472787,19.8862652993429,-2.25817119777001,24.6637654088193,23.0128497132749
22.8656080085699,-97.6674759545207,47.6779096628635,14.9852210609046,27.713842933329,9.04272492518179,-11.4379801934166,40.9400133005922,-102.210917807574,-52.6428710509777,88.6554981966007,45.3829833684068,-17.2435107037291,29.8065506273069,30.0661572925919,3.62583430935017
24.0439255306117,-102.965316004777,49.3907634917615,9.70386853367177,30.1130219736824,27.7843844175721,-0.410952475116197,10.8060349036688,-140.091458588836,-56.3863091071885,137.261844239589,74.6964509016246,-22.7441571105649,58.3170774559891,12.6693703045888,-46.7833379151168
6.18003665918338,-67.6407355652538,13.0973618700122,9.39515705916765,36.0149002144912,58.4762930262239,14.2948064706633,-3.2246975604772,-135.355751864436,-116.611304922989,96.3709233216664,84.7080549570682,79.982617422585,102.093655839971,2.64809884334643,-84.5150267843089
-0.970935042010412,-73.1662158166933,67.9520590402846,-8.58738207866558,21.583089636025,43.0488600784353,8.26147387965923,-27.99451386332,-90.5993554972086,-142.279820196328,16.2744611577631,132.99907144416,174.605309512502,110.036921033036,-3.95999349232775,-101.955238277759
-12.7278676903846,-95.3153602768455,127.443616197013,16.993390604975,-5.46613312777423,11.5560015432865,-4.44599798747804,-29.0951126995075,-56.7803253846243,-127.619919257975,3.68839941191212,129.157041408304,145.608193591294,85.366528197509,-2.10421869552752,-81.1036913049254
-4.34454205192976,-47.7037076801091,97.5474756334439,5.02965052731052,-37.9053111479231,-22.486205320353,-3.77231339526742,-8.65994830116401,-38.8024002613968,-5.14330934701449,10.7092523010252,65.4758012273185,51.3156059556069,22.4620277731353,-7.87068633881561,-46.7216589837861
6.71802193070416,64.9426596915191,12.4291441386554,-29.3799985557239,-75.2926209501892,-54.2240058063724,-10.1265030500843,-16.7423916493497,2.61109444016734,183.307043764816,1.75323418360267,-22.6588193272373,-44.0800401978727,-51.9056279426529,-26.4525262388828,-15.5981567678076
-32.2369812698959,119.543932928469,-6.78523788138325,-24.1516769235897,-64.5970014099974,-46.5114638860065,-19.9564883497792,-23.9727287977107,7.61919412406402,140.5015648996,22.9222485089331,-3.13730884671543,-47.2024878211292,-44.9953047826995,-27.3463308681791,-16.4383110007252
-37.8431073651131,47.9417753851469,35.2043231719858,-19.9215026911732,-20.3845444079088,-6.43098446634949,-7.82940774691504,-20.2940366346081,21.2674251103534,-22.0238386052087,2.11884776557456,28.6817632036357,8.40560329850321,15.4773764124723,0.145035485685185,-13.2405892438042
-53.4532145526266,99.3194597174359,-22.766984986975,-6.53039859210266,-9.8950457219255,-10.4283142671325,-3.89387172010389,-13.6279532810072,69.5568992913668,-65.6281482702009,36.2276844344549,-17.282597052298,-25.9157448732584,-6.97855097426397,3.68823910214257,7.86009572453956
-116.191015404543,182.87137017664,-45.4422837078504,35.6719101366467,-0.255283550508725,-33.0228572087266,-31.0526317136216,-50.5618848455314,-13.8124883981129,83.9461478753779,102.033320546357,-44.89989895081,-75.743608938349,-57.8625981182019,-22.4483136204635,15.5479461197615
-113.67428414274,107.602596626535,30.6554875291358,29.0010361648948,19.9762255236362,-15.5289821444732,-44.6222596399155,-43.6052819669984,-84.2671083203575,178.662783697007,10.2809650144174,-33.8230285227277,-53.8882257906735,-41.0647937551103,-17.8771457634536,39.42366547075
-41.1542441469764,-85.4747771534728,82.7679239596498,60.3495556129009,58.4624018944177,22.3444278886067,-24.1717668012938,-21.0023211547616,-72.5357172787477,47.3583827788929,-78.0889210197257,16.0720074502808,11.6002141894496,5.99645264046256,10.9783713764687,57.8595810560143
11.9216445189545,-152.010760852927,28.6857434722524,76.3975769541876,88.4151653215856,56.8705111683097,4.0657558803448,-15.2295778881793,-59.410060707184,-172.955508344067,-53.9276243849334,95.6305245812537,117.885764782219,69.736312820177,27.8730135223165,49.6742554557002
3.25297270894896,-35.4664556716147,-45.5756533744841,17.7953991467877,62.6907321192676,57.0494590431055,21.2443057948672,-8.72459182365463,-37.1416424846261,-267.440817687841,60.4011618758497,97.9342910346877,142.730778856285,75.4064519820794,20.2809736775471,34.4436992606322
-42.9537504035395,6.19483375820799,-41.7315623241551,34.3419033399229,64.5988053034899,56.76628589951,34.2275425906725,-34.3460198501272,-63.4442915566216,-87.5052228327164,-17.1556229179327,40.0116425924384,64.9659353045641,30.706108976998,10.1531583659717,42.3470093348697
-87.3309001114955,-28.9303422434833,34.6270766197412,34.2379898280161,100.776056054464,69.8987100489081,29.9885979015398,-11.7477118470019,-77.9216857740545,2.77268523550231,-190.903776473093,46.6723528417749,34.5645708919746,24.767906144767,16.8890133246832,52.7927670940496
-71.4122272893702,-79.1777306673025,98.1613999835754,33.2913432115492,93.5091760086463,48.6709040332945,5.98362736762054,-24.0378098639914,-73.567899322876,68.3728061331432,-163.629115907646,33.1733162091826,-14.3830027430809,-5.04191856012375,1.60647578724121,31.0317061125427
44.0227984248945,-102.154717400937,-21.3546134538707,73.7910180092795,38.7881588591292,-3.04642828033259,12.7573294929158,-18.0874786890069,-60.8833454140974,312.78847808364,-51.3340381365938,-131.051869812153,-200.448202960098,-97.8156744713809,-30.5892790310635,10.5309984357754
137.867920001812,-31.5388838799717,-138.044037183774,52.4413410296868,-71.1685044173561,-62.8801153262509,12.1906611444947,6.33457924676412,54.653252394572,292.025501246887,102.316021622464,-251.608280715776,-220.527253355658,-99.851510030365,-24.4143936005166,2.3977426372542
140.583096709735,-34.4698280990887,-97.8661254978169,19.2361041368909,-83.0447046490018,-54.1974411264542,3.0669424962736,-30.1133245183335,103.677681487409,27.3463006087094,154.155500250966,-121.993599083065,-28.968681854509,-23.4820713048276,-10.153350955462,-19.809523612283
98.9298640516853,-41.8908666997662,-20.8829877581157,-14.0461809974957,-63.4821451868377,-39.7514108185563,0.203405916778239,-20.787090468412,30.2752217021086,14.7268938471362,161.260523133131,-39.9988428529291,2.3531258347295,-47.8360760336565,-31.6448817570112,-38.0508364102334
24.9773860200147,31.2987388131498,35.173047506508,-47.6377717143933,-81.4571820484277,-46.5807531213685,-2.05065381561114,1.32708511070695,-6.59005475254895,91.1601401418365,159.406818844146,-78.7386178224151,-40.1937153950869,-67.2400703112738,-29.8927623188182,-22.7065412950755
-53.9010049398289,-20.5696077325384,55.2417895342977,25.2588233250408,16.779121874671,12.8105465503508,16.1253234052957,34.6136877058293,-90.3142693729217,-5.28865370863508,69.0375642058319,-37.9290167388747,-26.1508831219678,-27.9310848104812,0.347143621776105,14.9548972009738
-65.9549896108187,-69.9951978207264,15.6989981428791,88.3797236216537,94.7045203392059,60.2881514360677,14.4620712100346,24.852180231428,-160.672429197327,-95.1319573630627,14.0205794666557,82.1406963631126,37.0321622691902,8.80499847977573,4.99844098799693,8.83198895697427
-18.5374232749675,40.1424040611703,-72.1735430681641,2.43184701429017,45.8082727034077,37.5319928660304,3.83945192952515,7.18246867807634,-90.626289137314,-132.54588505927,-23.1506462219095,210.432706029292,118.910605028936,33.8706116348907,1.07530790104775,-25.4695431287947
56.094347905389,121.476086550765,-142.931394521937,-96.4755865252691,-30.347194608573,-5.89876184305612,1.89667074331392,45.9774413497558,55.5486488693699,-134.022768081398,-31.4856798893332,188.90407153186,84.7959316541585,9.70577138726937,2.19731190143233,-20.1599949310964
148.14693444161,101.574496268809,-154.691060149955,-144.223658438028,-98.8561058306966,-52.2897022258456,-4.28253975192072,68.2705606990313,269.86397935767,-36.7170801624181,-33.281939179374,-45.1321917170384,-54.6975126788223,-49.3581490476004,1.51520953536709,1.72631216300215
169.924349141257,10.6959115987444,-23.1658398357168,-145.894204902259,-145.840602607906,-92.6948116299307,-14.9651788255178,68.7144858857789,326.69816656642,157.888683429091,-58.0526731475214,-251.757184212067,-159.110065712516,-92.9156466350229,2.39690921001858,22.0820005102788
139.856080535404,-30.0349866632992,19.2894305893415,-106.167013036882,-118.283061294275,-80.3036764313293,-6.45536274017113,42.1056165243157,195.127496511153,226.822345723878,-42.9339235747415,-223.403922667249,-162.583630198693,-67.9917528682016,14.3919209477597,29.8301235246641
100.384031518319,63.7053087568752,-151.985806394533,-52.7713013687228,-40.2519411759272,-40.0860808809139,12.8613551277098,37.2206806692635,99.7020693487767,124.322336313661,8.26959167785549,-124.088080892928,-139.927254530636,-28.2323195721562,25.2172780749073,18.9174354251801
41.2517051892945,45.6684154543616,-174.786526633987,11.3063412645253,60.9770887851606,5.33089483847043,13.7312210387392,22.3945895581684,47.0699408754374,-105.236719494875,-5.05691845248406,36.1891230155124,-33.7344461671668,32.590761578411,37.8957740656586,-1.51592751044766
2.42704117860632,-70.2570644730438,5.6312728762837,-10.0255193481435,103.089766702658,46.9979539344121,14.8276601772122,-25.0344756194041,33.2045306311476,-196.870601370426,-110.69334833718,131.577074631499,73.2021461705923,89.2172464761393,41.6317078519925,-26.204376077598
-54.2497889507288,-41.7178166699046,190.623841346794,-130.082608080135,47.1751421575781,59.474546683265,-3.50342715458522,-53.9947139454791,-20.7892924079856,-83.1148468188181,-79.6570634242242,97.2493910032603,127.786153290426,79.8691352718628,1.3030660386674,-60.6010214104703
-137.756643362454,6.40090037466985,249.739964768913,-122.781104344528,37.2065854857886,83.4218620787983,-21.2672377181913,-55.5598920340849,-120.28041991501,-91.7036959988061,45.9455389944237,74.6514961744964,180.011823671451,53.5676655750868,-40.5827007798181,-67.2204575996146
-167.223764743244,-2.223660752402,127.38774720763,74.152505178078,54.4219299889659,85.6431030670603,-13.4330505137005,-32.9739290807015,-152.280252537263,-6.36877817211416,35.3299334341084,-66.5135195826488,78.1414774025869,24.0922597365072,-32.4099779489059,-14.663113691714
-134.005456604931,38.1268737670295,25.1087483043937,132.904192155046,18.7183906316734,31.5846063329712,-10.3888220243642,-17.9640349561082,-92.8074770011177,44.8912135364001,3.21029350478449,-94.672269904543,24.0003720659002,14.6849230565189,-17.8288702114459,1.64211421845232
-84.9252026405927,4.71007534366109,17.7952027408239,82.725376781962,42.2035916308492,33.4337176255111,1.34269669373122,-31.8697349066993,-60.8694474739948,-128.195365535063,21.5664488490668,41.5199817767628,110.379266657014,54.3570798769631,-11.7449627698697,-26.9306644568588
-46.9181818553879,-94.918875085527,53.2938880921677,86.1335609415461,83.1509687778887,49.4083518356324,3.89263186041975,-58.0147579792955,-54.146879586399,-148.978468179073,-13.1153118292835,92.9705308304658,91.5823644994766,52.8552599538999,-6.46476566872673,-24.6546231592654
-23.8575290451871,-142.764302804435,74.7649406962365,70.0649737679651,96.3421653357296,45.9090683718798,12.910988602179,-27.2151774842224,-52.6270967927082,9.89107936027699,-120.256104505824,3.0373143965802,9.0838508359513,16.022995375453,4.63583863994234,11.4786968205366
6.05734145005866,-32.8901833060504,-66.7365658233887,66.7861155824264,41.9396841780874,14.1750207734312,16.9421865305682,32.2038430113521,-70.1397103902209,245.130184784766,-121.379507326978,-170.452129674656,-98.8275740932248,-10.8541601535372,18.7997048397592,43.7346605720642
28.7240243963807,232.182382331629,-164.531099102238,-51.2110524243999,-140.842732053302,-92.2216923541567,-3.79419660936291,45.9845853075806,39.8064632317935,255.04680532188,28.3961398167439,-128.356323573475,-94.471477346819,-34.2114701005014,5.08681117373033,27.1826799933061
35.349330980295,260.814879499507,-84.7711213171498,-118.723348152914,-224.55012478853,-124.770296288663,-12.8052882805416,41.0611262393098,135.166654673256,3.22394490457987,137.509849861266,10.5208832264796,33.3206076308224,-27.5047776785238,-8.03464581071967,-6.0176790876634
44.3012491270809,64.1646250153361,57.8593862369873,-90.597093636705,-145.733346082687,-83.5214544502746,-27.5454629258143,38.7790818932888,142.964259615987,-118.907918204497,125.594075518869,-7.84456295426128,82.6672111133322,-24.9247770672465,-7.13262332153863,-9.98249216078466
25.2706397050637,4.16869584416634,47.8604475515688,-57.9734463218803,-37.4310550144299,-33.0391440665907,-27.0909737230663,15.5612571057277,148.809603575812,-111.683075425393,-5.1558876179862,-14.5158256512402,51.3275641130804,-5.41943881065792,2.08276886354733,0.184431365814959
-4.18242107561908,-6.1991992013195,-15.3126080634166,59.58587626772,1.38437335095256,-14.7985579785095,-23.8557796851487,-22.5410221931469,77.6855110861021,-32.9776949341216,-69.5512468435403,33.7036055487262,14.6327682831284,-10.6945747753926,-5.6519771745283,-7.93856490096978
-29.8177335062322,-53.1166120931947,34.9418074327523,95.7694632646262,23.4067042936713,-8.86379176409474,-23.7588664687056,-24.7211641327837,-30.3959701051494,78.8803312093898,-84.8873244632258,11.726876138686,9.26701676440751,-24.3748646958986,-6.88168754561784,1.06528185055197
-57.9667118593148,-18.4586455983196,28.1280575915433,81.1946095205879,30.7604405425961,8.31985147534643,-17.3041668516299,-11.5234342469038,-72.940541539189,147.88266397247,-93.7367774318743,-65.0885414782299,0.573604336045008,-18.2546558043709,3.96032020810401,28.2454801581798
-58.6548132441299,-23.4371345153613,38.5532432012988,90.7511214117859,18.5871555641544,3.35130576589005,-17.5169713482136,-16.5738977052416,-69.0180711804542,134.509014044538,-55.8570099575933,-67.2808008820169,-24.1648218989311,-24.5114645212735,7.02881537094493,39.6907193729729
-44.4970324810498,-77.2983179539984,37.0649842399377,94.0139168763132,64.5988967789731,24.1466367993191,-3.36118900560877,-9.91528748872409,-73.2519041408923,85.0011118598476,-77.2668480053117,-33.2371432608587,-67.7083766972166,-8.85120277804028,23.0728801495572,57.8859014555945
-52.097928686451,-92.8609542308943,37.4829983139477,92.6279306212167,90.6324790563601,45.3820130725591,9.28302814038821,-5.54946570077564,-94.2202500510161,-27.106776546863,-21.2288690891852,23.9252700821678,-70.3169203932359,10.8446748417244,26.8862499114571,54.4196365553018
-63.2923256738682,-120.448061076105,61.6422095956744,105.898472404735,104.645967086218,66.9099060326786,14.5286297777954,-28.172537593302,-156.83392737586,-182.926719806331,57.6045248096545,169.638083550432,23.4847441805943,35.778897523378,13.9999496628215,21.847226976918
-52.5622480904367,-130.236400973127,38.2481299961071,125.085406117632,115.146527945086,75.3916489850373,8.78829099827942,-47.9002319887676,-284.741207575917,-219.296812070651,123.460280188461,307.152974658435,150.144885805629,49.8740461966031,-10.7055617705537,-18.2488787451557
-62.0958679657612,-90.2025038675257,-0.684975475795028,146.945629502526,106.67549561589,71.5202216707669,-2.4724782684161,-61.1369420407049,-309.472391036172,-125.613575909224,159.463845558569,239.06006044718,128.771600858704,33.1891729906746,-27.1576291009775,-26.8878376600716
-94.7409197275042,39.0568351132927,-7.07200743841553,96.4610442449159,41.4659889445988,31.2673247982576,-21.7396290070935,-54.1598556157404,-152.123284314389,-28.7787411893687,151.810196176153,63.0491221586827,17.2334300311313,-7.19645543779467,-28.5205656910999,-14.2126530857831
-75.6544260490763,127.848810024625,10.7178405265394,-24.6468062260462,-12.4223854338003,-25.8244260368994,-39.9053377503996,-18.3577612199464,-23.8876907973157,40.2566510582536,116.414140800274,23.4725554450672,-52.4917823234327,-59.0144662729413,-29.0873487733778,-10.2211528126592
21.2007898540937,148.732479458185,-74.2680158188921,-129.177077096592,-34.9848008927884,-33.6503649304281,-15.5814567992968,30.0312754433929,131.696785471394,-23.8753678725091,21.9470397377368,19.4593594308613,-69.1319531990229,-47.4209902386649,-0.221753903622982,12.7097364514975
102.121272091111,138.334743687577,-61.583844453007,-213.994065867643,-122.169744002456,-73.1554802254038,8.28958396189864,91.9357793664544,296.221205023613,-190.288123342274,-26.9534942771766,24.9169812461454,-10.2706166666918,26.0284906876625,49.1826694952449,15.0469703430009
112.335768465997,71.5705356108973,69.4894737320922,-247.765415002044,-170.867628668183,-97.7686525618377,12.3937565931985,104.22561235915,381.480804738729,-206.725147276046,-155.61784199036,41.6577674789726,13.1743058473602,62.556882569738,64.4872076769447,9.78972132625159
104.430754793848,43.9752375918353,60.3909205101177,-206.497286398559,-141.598088865525,-71.7331192002798,8.53061899556223,70.1880139912352,355.774384782547,-30.7947748923681,-202.459788817016,-24.673649018836,-86.1334846634944,-0.0502310483008443,18.4245666967885,8.92388970448792
111.392495309286,-93.0560488474188,5.82161919063385,-32.7085801911162,-37.7100896184099,-30.217181646705,2.5662882933557,32.7505214662333,137.251667927651,233.796153196247,-152.687285258281,-135.241252200264,-166.998622543598,-88.8882166916677,-33.4281841360285,-3.16277293116256
110.047025222633,-234.255075837802,29.4071451981293,80.5381672646197,40.0161943953801,8.09001606744607,6.13211912562147,4.59433756549259,0.605314018234594,214.781379869056,-120.527989707053,-144.988038069379,-98.3907620073367,-58.7381950655718,-17.260999830845,7.91049251208273
99.0058771031886,-233.15464814374,46.0260249072884,67.1686750754172,37.2933223750524,15.9697055783296,17.283198480076,20.2635298571557,-18.9642519197645,50.130052664129,-13.000486180333,-91.0463191961694,-83.6613564509771,-0.233415047980515,9.97825463201453,8.42507519107232
78.2552226656556,-124.83582690796,-71.9983451537178,78.2876336143633,29.5930224477122,30.3751817428956,33.939187700998,19.38008426489,-45.926548456892,149.354926078135,-2.09662229561241,-139.684076959786,-154.698328487102,-14.0056074241738,0.455883616267698,-2.22479854125842
16.8859795492174,109.299261877912,-137.824646832693,-9.77189261574659,-34.7084769700155,4.51896426096771,18.7593399320343,1.8158660511545,35.6085759982345,115.835024553803,20.0539159533849,-114.346263622332,-92.2554966832362,-12.8336056498076,-10.7751844204733,-19.0086015173215
-13.4229519738391,119.702856914303,-45.9781377542,-73.1629564866028,-33.6988101486582,-6.52588164537319,8.85164090948458,-6.79961612193102,69.5160128363385,-160.236509110318,71.579227668666,32.7363050329532,92.9994101631921,53.9752890373369,4.33794935274182,-41.9824912031449
-22.2322346686998,-62.9339681934182,52.111016001609,9.24973617590717,52.872037443632,39.7309428581048,21.6487063663867,-36.6860708971416,-65.4265107274699,-166.214802066365,24.5220796435026,64.1607707234004,150.520642138453,95.5192058818148,22.794895783668,-31.8989354360805
-43.4286264376362,-106.991325406887,90.713069468683,66.2540717000936,61.741817685992,35.7660609336809,19.0295357166387,-45.5061467209805,-154.878008691594,-56.0696106894008,58.3575156569641,46.920591047401,81.6432605480334,52.763611534536,6.87791473721893,-15.762409189327
-30.4915268459817,-64.594736810462,-1.82297470347816,99.7996234126569,57.3894066585566,28.2469410450035,19.7601477763721,-41.6473733650154,-164.582072956767,59.2805526756554,38.3613787994507,27.8098859131656,1.94488085541788,2.59364152491052,-9.39382991744512,4.83497880401362
-18.7965442549926,17.6584150849472,-105.663865582496,72.8237750314242,58.2310879054553,35.5432499376756,10.0045491839674,-9.45628735659358,-153.152370901248,278.021688451916,-85.7761601310162,-68.557362456622,-77.176857618284,-38.0048941548912,-22.1553712561221,30.4711307057177
-14.4317897133519,162.340528012002,-53.7545238898624,-114.244284324322,-34.890456104883,-24.0592420395334,-11.7734720928956,18.3800286003369,-32.1614307221535,164.194960021465,36.3879499866399,-45.8219287976768,-22.8338174756199,-38.9370519153102,-31.3746831042495,10.1630759134434
-10.2168024297489,226.62328460385,6.82332126740534,-222.416615510236,-101.951477452939,-61.5729650230978,-8.82383007504365,11.8788452247177,99.7046984991676,-58.3224244253904,141.721237913234,9.5188391635005,42.6836248923934,0.653965109978927,-11.0827861461919,-13.6334783379272
-18.2817061952864,154.299284288724,-43.6378073215415,-91.2069601582702,-60.8262704133628,-27.78370552075,2.17261597309528,19.2718978155349,140.19527350398,-143.845957314599,19.7485025932039,-5.25421609788336,55.813162846977,39.2619315954016,18.7779753900977,1.8582852190556
-25.7240530969993,89.3176297169101,-67.4431122383577,25.8988981954235,-25.7197809619529,-17.4985650823506,-2.84481020808693,0.548411901241771,99.8261639452578,-180.912176849393,-20.6691349595918,70.5071992030759,76.5951625371866,42.5383497998986,20.558651266623,1.40677031726509
13.3774221493857,43.3664600340899,-81.0497202198695,51.8200016733248,-17.6934151169766,-36.3546917083648,-6.25943722745817,-15.5050453521192,3.56322994729349,-117.797932240153,114.952420341127,115.030156670666,20.8977939936163,-5.30260450140621,-5.73090823630761,-32.8400363498881
40.4599824935197,-15.956784553962,-22.9445237104567,29.838109254402,-33.4315987387339,-42.8250422648138,-5.79653833478923,7.02952164848363,-19.5842042835877,-39.9720282098268,193.886256527957,-4.68413069755201,-47.4120588766712,-23.1701023250008,-4.02522645076931,-22.7848889307235
6.81558093594504,-46.810696199768,69.4921540991322,-12.2810404414335,-25.4528058018429,-3.6276809108041,-1.66268763879578,25.7851232385281,-47.1335662283161,31.5568668735142,39.5930379171672,-43.7992688197254,-22.0394214355731,24.7198696677476,25.9141328696996,21.8377612839722
-16.9634948903904,-16.1191107662789,25.7652843358612,10.2525950727065,3.67927751346561,16.0896129278761,-4.36178187112308,11.3318664190448,-153.803186023943,91.0349617378834,32.3938811170023,22.1605227712986,6.90963027965516,22.9046090520205,9.45451887061668,11.4193547094068
-52.1822461784465,96.9625607999216,-58.6722159595727,12.5893583072589,10.6805126974424,3.26703729980893,-14.4734428435677,14.9639428011433,-272.490970737263,239.243560225461,121.92463677272,-13.1930991872247,-0.973952191228719,-25.6687985744106,-28.778435241054,-8.68745736179102
-69.0561568487982,179.516859831137,-98.2934026690301,-41.5192003149576,9.8516204705365,11.4931971944336,-2.97803074065868,12.890318574512,-229.199408011571,191.471258438522,73.3486827537677,32.2516189047275,35.7582550748146,-17.3330049475068,-28.7221633346102,-9.52746047132968
-36.2159138198425,103.410349222666,-25.0899044771412,-84.2870064457794,13.2100180575479,24.8862923140003,17.0114828006005,-28.8071625934574,22.0432434638212,-108.606139480548,-49.5383052287183,121.318346270068,108.78213643825,24.4479384403122,-3.7982544438325,-7.69848208885713
-7.91906603685947,-101.966280630999,72.1243463264427,-23.6605559652362,84.4234128947784,62.3839681681781,32.5068657787088,-38.7474616607794,139.677224393079,-247.022029115546,-205.299449944863,110.24554201489,114.109192938599,39.6438688026095,15.4129742351401,-7.58082059582597
0.0618720126324408,-264.180608345598,124.343760921362,90.3323073671146,150.895127522292,73.9272632336577,27.7501959812663,-44.6194966688812,94.9274619691581,-134.655194761478,-210.459442513847,-1.98870228721148,-4.45489360267908,-17.1159822174095,5.88834788505022,-1.27553561443301
-27.2496317038981,-160.400231466622,121.45018863801,58.7844285387754,93.5709770750336,33.844243917751,6.84242289672905,-36.1206052640875,82.7236054016246,-40.9457577873681,-129.593774515619,-80.0086123543396,-28.8515511719968,-24.3709954825223,7.29814242352847,13.31376510294
-7.09683009313915,50.2891753166796,-24.6343262661431,-27.9321413083022,-7.69647245079809,-2.9467710649635,8.59103007054216,-4.07418309172494,134.627586295561,-44.4747496116498,-60.620872050583,-82.5459996674341,1.83705078608146,-4.03596989328799,14.1503621495393,16.885832391661
39.4952981179994,111.807163183389,-167.645962291955,-16.4840676077722,-27.4423834894413,-10.1918065259097,13.454175449542,15.5311162992168,162.770455197385,1.79930760801551,7.56758096369069,-128.97826730637,-87.9220114315391,-48.6854452519873,-6.91579572188704,19.1686297910718
47.4320682957933,86.4766713207658,-157.966885852372,7.67754173325159,-23.4323523586909,-19.1992525569399,1.78140666303474,-3.96702559037047,103.404398807926,55.9797261842748,77.8768001148751,-112.173974383356,-117.77491187581,-59.1325840566178,-31.2299600066443,-13.8018565384458
39.5098374723904,50.6252850711742,-24.9456681538499,-44.6591926055074,-52.8230613533919,-38.6362785935355,-22.2131183400329,-8.13337354724653,39.1620754138674,78.4599100154464,67.7047203561827,-12.0429064757912,-51.3248866061185,-24.5579058140932,-34.7548803703108,-29.276829561063
9.75606437018923,-11.0206921130845,79.5877311727678,-70.3650140017705,-17.4468979555337,-9.35183980666277,-37.7776762102392,14.3908354346035,-22.644591371795,-4.96741069351287,-17.3576835299631,114.013860668147,32.8704257916641,24.0114040850976,-12.2944553359487,5.36891192004069
23.3350416899896,-40.5923439974708,17.3722444951477,-20.2280250225308,19.013379576179,14.3206043198298,-27.1453930247299,21.899463293364,-69.5610108474086,-48.32671267441,4.00453622022481,105.99028278877,65.3144465356747,33.5281685203857,5.28498046435028,26.5913945586037
34.0150173192239,-76.0358572486728,21.6009674618208,30.5903599166926,-10.473799042262,1.85968577029309,-24.6026577764963,50.1467069996643,-129.168656230095,22.9972599224512,137.452076980156,-51.4425252152734,28.9776511286804,11.091690425967,6.45300944809676,26.1337607614568
26.6359865932304,-150.57025960718,125.473942590132,40.0519109300274,-18.5508382461352,-1.42915061083088,-22.9507685176521,34.0066198235514,-142.328622737888,19.4263752138838,121.842518199184,-42.5987876364796,59.7610916856068,25.7385952531835,7.78957507504344,-8.28933941483204
-21.6776507146808,-158.36989954072,197.621548430495,44.232456574233,2.96668862231579,-10.5452276177901,-16.3037198168658,4.51389284366812,-67.0517434197198,-67.0780785294543,9.27418442603076,65.3610689884102,65.4074041801655,23.7077238845349,8.42038429417161,-24.7872981431467
-79.7523344250577,-144.637585106612,172.533335349657,120.674646975554,43.6105088715975,-2.03422123000607,-6.67754718916966,6.31577423310699,-22.4578211485589,-54.6891831670252,-61.0611305225142,6.99490582354611,-39.9058901991612,-9.47266616949197,19.6583377033679,18.5909205959318
-99.9599513663962,-91.6097456922988,110.662048397978,116.165858558412,66.4641384849339,17.9325053436193,11.4787942153587,11.2744027938141,-8.43691567900845,57.0518448091399,-194.006485962996,-55.5017157342427,-97.8845877073286,-4.20705587426461,39.75244954923,51.9933854019545
-129.794537224513,23.6646825207288,98.9637012639765,37.9355388238973,44.150621611721,9.51858264316066,7.79643759753053,-8.76266133973476,-8.05227464136766,92.644315326935,-170.119594328418,-42.7613067263569,-72.9908179148102,3.68598227647516,23.813151320247,22.8855601607096
-63.8578446074682,93.8950516606642,-17.1031959013811,25.472720161622,-14.5264622670818,-19.148418694242,-2.0370634598774,-27.8112302168605,21.6920357117791,115.725005753697,22.1332821457526,-99.8946262440209,-105.51273559082,-38.388829419001,-10.0319060253395,1.541362521558
41.9882777281365,104.202422539488,-192.964746703833,46.621140053204,-44.4991989485989,-26.713824721345,4.53754757170054,23.2213123440934,116.788167187827,226.652923377218,-13.0865293873406,-251.084295130804,-208.127907621912,-99.4471283790348,-10.2297063753364,73.8704814851297
132.554034158983,116.767340181195,-361.021861939677,33.7488120816784,-29.1253158571923,-7.04662152836803,17.5496146968548,57.3056622865164,269.0400021481,107.994405098627,-197.938469715299,-203.6678150013,-141.489382129114,-72.9863255913967,17.8970563304204,137.678384098175
208.134518502598,31.0265830661797,-288.414429438649,-69.9076041188364,-30.320778884547,3.77397162389319,35.4984011764183,29.1844418616227,257.221040847667,-50.5078842464291,-247.682364212836,-0.221280504518236,62.2218353350812,17.9731680773686,35.5393002341651,85.0580612507953
182.695271536189,-60.6714273832943,-39.8469522949548,-159.418507742281,-53.9519308525116,-9.61701628739765,31.8716655711392,2.47971055194239,34.763111326364,94.9738391141364,-140.140420983305,53.4832040579464,127.228500073752,46.6833811574587,16.0432690626053,-5.55524250697135
74.4800637201901,-95.650157523444,74.8345436563175,-78.6117191386755,-5.05775558479344,2.84226092472931,5.37764987064686,-20.3116740175532,-131.198957529344,59.59103579744,-0.61293183008064,110.182268770203,114.230460964745,74.7343457697661,2.7174220371394,-47.2841673618186
9.18769263753592,-197.806830328683,113.421289116245,68.5744085134653,81.8464219755586,42.5245326486244,-1.88189430651505,-42.7386728676905,-197.954143957198,-30.7998469517646,23.4174928207728,123.969826541592,63.6450343670672,109.197131035427,16.79455071173,-41.692047541033
-14.5925546261738,-187.607751902428,127.016625956898,130.866216628697,45.394882726973,26.7917855643472,-21.4874113033677,-65.0371405110222,-200.007524619723,119.236608640007,45.0170187637601,54.3349470650655,-45.0427254141769,44.5010751936839,-18.085399605273,-35.269678170463
-69.5764845668352,-34.05858890367,103.129791115717,102.842179330352,-25.4138652884305,-1.09479288222314,-38.6443315350118,-59.3026958520372,-151.438493121221,230.683581116082,48.4757934139922,-15.0271482371834,-64.200345423642,-35.0353026187366,-64.8254886404152,-28.0768877048741
-56.3548622954717,111.049233254199,72.8052536269032,-39.3968915030071,-108.256329369406,-33.7924165117254,-27.5993264878149,-14.7697961725915,-0.317419453056218,18.3984669499801,156.794453990062,-20.2171351267209,16.8891508368694,-27.2990881914279,-49.7184866431782,-33.9161476011398
3.09759642720113,100.566967783937,71.5536341370556,-125.378124279205,-124.781838764865,-49.3012794264351,-9.84190483177989,18.0096561520511,113.67392231016,-348.28975756003,290.707294793576,101.372966666644,117.350858870729,24.7722938202682,-14.178349459886,-66.2915676908362
6.37538181341174,113.769334719544,15.8341771252519,-133.699645187627,-78.7555593302045,-33.7059533805544,8.04276539216723,17.9535521609453,123.720247735151,-428.09162453466,241.155820890239,175.734168014087,137.089944528904,45.5149930140385,5.72273091549991,-66.165335514806
7.09337745073483,155.752631382464,-94.3330328300377,-85.1215117656704,-49.0832603874593,-24.7504140059555,6.95554275229735,3.42024750225153,109.202073842679,-287.637668828105,144.35198208783,153.499321580259,92.2791924779677,15.9579773983969,-6.19059518315248,-58.5277742478786
5.55960017074183,110.122941077272,-144.211776119731,-1.49110432322098,3.96140561730581,-0.889934366371531,7.47050184716751,-9.1248309955576,54.7834713986952,-172.812215144954,73.6897490071819,104.827481077332,68.4025796514609,-7.06902567154799,-20.7902123387212,-63.166704373688
-8.28902306249149,50.7040638782614,-106.288874526406,48.244592532553,23.935745005312,13.2505648926748,10.4814474639415,-29.7783124226281,-23.1390233295587,-16.4432139285444,57.8125352765969,20.9367571576878,20.6390868693366,-37.5692019995354,-33.5349942510764,-53.8829007687366
-39.8778885302484,0.457793474602227,52.9451579867793,5.39251409368266,5.70672640404442,-2.07301274336691,3.2866784113377,-13.689584789201,-148.033683860089,184.642155781971,43.5869014326199,-27.0757642473204,-13.784438269356,-53.6590099758956,-38.0401173425798,-37.1214666693643
-83.2988848723601,67.9568084281094,141.371827822552,-81.5680502955314,-27.8846058166194,-28.7266753855821,-10.1214267899855,-16.1900659749142,-205.581512756977,160.398762459245,113.667961012,51.7635260112323,39.6399896155791,-17.8355034518909,-24.8887090588455,-36.9067308257368
-110.110223373619,72.7430515660238,41.8376602148314,40.0926305780787,28.8444334404496,-14.6505962073975,-12.6217954830195,-38.4199029073575,-116.548231489016,66.4150838944913,31.0567149312229,39.4966662364753,28.6695828377308,-15.3673424912362,-10.51414288346,-23.9896795184518
-113.610157594358,8.28870730464297,24.5116040981133,124.931287129243,68.8179466552339,1.55927834281523,-6.4724376692822,-40.8433691605821,21.0112974819688,13.1811062797892,-143.667050676465,-5.46241950168877,-16.7622805208113,-17.3857229223,8.85014113004758,3.36478312115594
-42.7378405527284,-56.845588424485,54.3180752711055,71.6374661278243,43.7714430944245,7.77354345073161,-1.74449364771707,-43.3643255152958,84.8776233061421,-95.6764961502713,-154.271590191301,72.3277912712606,20.5320416500198,18.0271614128236,20.936686875969,2.33733658574306
-1.185076006107,-94.9458033949872,79.9249973669607,32.668987494638,17.9451858699878,1.70171389593128,-2.7279733298853,4.33251257435573,86.6228055038375,-118.185662633624,-67.9855887394295,28.6675286100916,-29.5172006415769,25.6114368926631,28.8521416552956,5.03866047561996
-15.5733061659102,-91.2303146149002,80.0180255135461,51.6568297461688,20.4567821605256,4.58320420666887,-11.7974123482903,10.88751799421,49.0396647488288,-5.3638696886326,-19.219500453377,-81.8003143707443,-111.84967669785,4.57870859675758,22.7227093492827,12.1276495098784
-4.0293997823147,-60.5999644194775,-16.5220235013475,51.501438306759,56.8800358733353,40.6486034752514,-4.57021456517679,14.7381848283225,36.3240520156825,50.7425903269328,-91.2787545090994,-121.02101484077,-79.5635247800228,0.290959283872326,13.6710836979384,7.52737113173822
14.777839620255,-43.6912853900562,-55.9893855307311,26.4829506343849,59.4232833350631,48.688879827484,3.18357978108364,30.4615529785426,15.5016764910887,-27.1523068103559,-52.9372015240219,-67.8810975984715,-7.708132152617,7.06061677917602,8.70712235453291,-7.86254882859367
4.25681309451607,-66.7861009031734,-27.3476582067967,47.9562230206592,66.0247698228026,45.9115525806452,6.67857083955542,2.26262207652665,-56.5613509489883,-66.6430654710744,18.4950588574189,18.8653431243217,22.6630534063239,4.98533559288598,4.5966303531369,-18.7219070545864
-21.0528582277922,-43.6012685265458,17.5652063789995,15.2687796049186,53.8343735559385,33.7524372943402,9.98029024582038,11.6244468820249,-86.7099680417682,-32.6226770145188,15.8764223008565,31.029404221001,19.4737769235919,-2.95672423627385,11.9073753892581,-10.7620024558229
-34.5467842912809,0.816885411070807,55.6140167851884,-43.5385808493061,33.3996707323113,14.2448293342609,8.38909877739864,-5.04152430057165,-77.9786542928858,13.830201130461,-40.5799963164476,97.6818476546727,19.8186063537182,-7.48625744899996,15.8826817998214,4.14066290872773
-35.9559610646981,66.5464468371914,-0.42349573410133,-77.7358857920443,40.8298013505264,17.2524269534593,15.0311941953779,-19.814489684815,-47.1321957472174,36.718958141614,-48.3972866234806,124.078653426843,-41.3162574028167,-35.9912360670382,3.9792924045523,21.2713331515745
-27.571878440022,46.3976957462278,-99.4710643373483,-3.50178441338848,96.3332622117435,47.3324225636142,20.1251210222304,-8.58971699493961,-101.926404231295,57.3290306412433,60.3455413690166,-8.85732164863938,-87.4324782292403,-60.3672966178561,-8.57713909425773,28.2391833460295
-40.0356559021228,68.0786943208764,-130.920269874153,54.9233149885105,71.4821623581446,29.3873843657281,15.0897875923605,0.0157620993514271,-128.646480915876,159.523094488023,71.466750135606,-188.698673305712,-32.9207201446488,-40.7479728287297,9.02254154310938,38.7243769468634
-41.5643854103023,177.968688507573,-38.3043501860136,-42.4075172183531,-96.8065014073051,-61.7868776909874,-2.2573536611429,20.3957839785709,51.3271925131116,138.954106740128,67.9714164875598,-215.595400476977,-6.37962453887525,-54.81166080833,15.4252678707305,58.5756098003955
-14.0107785396591,98.3280324313565,76.2750605751946,-109.749695084393,-112.53109481702,-63.2148687174401,10.5436560151256,31.4377599693138,130.112536561773,18.7921834177159,44.028152488724,-105.765053177881,-48.0040284927733,-69.6954374780117,10.4198333575727,69.3464906641721
33.6950549961044,-10.3710719160251,-9.59289930073855,-51.9191748971251,-7.60509572008088,-2.17641960774702,37.7521567316022,36.033355736111,39.3104689344709,6.82663179187496,-27.8914218563949,-62.8949963972362,-47.4507681881923,-9.99065431393879,20.0252434304676,57.5417304352096
90.4728442963676,-29.5406804835995,-26.8721733771858,-47.3667920810314,-54.3345030906852,-23.0283359447555,17.8484953323582,29.8691013247795,51.3110611265609,-86.1122789447547,17.7312459758749,29.2529334521116,34.6022025352784,76.1201962837339,21.2812520985601,5.02647399977747
114.478213660284,-19.1933340423498,4.17156789828874,-81.6713433925177,-114.609737295797,-42.316836780435,-3.26165333478814,36.3985710646206,103.159462472728,-48.469449257477,-41.8852978388618,68.7821539882898,45.2516421394153,86.5668381779322,9.13364101805743,-26.1486505655705
115.780909381056,11.9825991487346,-121.841006759596,-45.6817931695071,-51.9220213699176,-4.31147214922301,4.35753601875719,29.7224253338568,113.9629068438,-48.7594276913243,-99.524357518606,50.4641652082633,66.7399935329167,55.3003650588834,-9.65025119973268,-27.917267485008
112.517300369316,-2.54728531681243,-134.769288407822,-32.6230588753049,-23.212512056346,7.08581982205921,14.5832797497142,24.0018998704354,152.7829750598,-158.721706592598,-35.3754906364371,5.13640415298998,76.28242530856,52.4094621788203,2.84122321487436,-26.1826067539049
98.3704192023373,-24.1624627935779,-27.9877432533745,-60.091328976583,-64.0469536529221,-17.7508677454342,10.7674532513514,25.0442309014732,179.547263707119,44.336249549237,-128.028100856047,-113.008415766359,-26.7216194676872,27.737959282394,16.781928632437,-5.03281669076792
79.3686085813571,-111.615249056157,88.3744147182248,-66.8599596248326,-32.4748006248308,1.67748779327079,7.89357797397506,8.24622025855052,111.019024220009,106.549215212424,-230.078978632551,-59.184927556178,-1.49784977059471,40.4477540436359,21.4585571646023,10.949714427646
35.646991991383,-148.305664476286,97.3035956835251,16.5014294433821,22.4832844627273,18.0051250902847,4.02561615986437,-22.6120906777515,-33.6569236684848,-23.0884404344229,-126.832189933165,94.5633801308654,87.5337509873038,66.0323179813934,15.9718790075809,3.52702063947883
-41.8477979393138,-93.7424066796953,47.7861172189299,131.701088706134,48.8775570193997,11.2131143010621,-6.32739003181067,-47.1419349745971,-212.134176518648,85.1947182811118,19.7192952830904,82.5721083533346,50.4717165545416,12.5720315678916,-13.4559622773427,-2.69331029350499
-110.598096683977,57.1784078059125,40.1988398354672,97.4160417258254,-3.32079207172789,-15.9968524543825,-25.629297151925,-36.6866199974907,-227.49431905303,206.648286020366,133.650004197482,-34.4364978141546,-30.6187497301377,-44.8278967858437,-26.5150057982176,17.5939480555529
-117.698530529483,127.313646914037,22.9588856520956,56.6734215073692,-26.6873822362358,-24.1954222680227,-37.8682344494555,-52.8852179192769,-170.48978894383,163.224995101491,178.627015722055,-7.35945505527678,-36.8791074668648,-53.387431568364,-40.1916957573523,-6.33707668501485
-94.9270420029295,54.0696571165485,-33.4049260544094,114.181041267426,44.8601088025459,15.4493056370814,-26.6368999068223,-50.0890076004426,-135.319119897185,29.4360915117856,122.845299558233,48.8124440560971,-16.1980476003842,-45.2936952348972,-40.7472083354782,-28.0876141104407
-52.8235944471595,122.123103046447,-84.2973172015177,40.5336020683175,-9.40806368951455,-16.4531991703321,-26.0428093023377,8.97271285135182,52.9676289307952,-25.8973520529708,108.724158194834,-63.253149309547,-61.0068288864365,-71.2455468333002,-29.9299075863765,-1.22326888719677
15.3695149893898,168.02438548758,-64.0227196803915,-91.5835754322281,-103.208542457914,-57.6254945707199,-29.6231481623103,41.4629027914415,226.591581491376,-9.03856826913932,71.8197904545305,-147.098560984643,-77.6457530134474,-74.0464985616711,-19.2823856558018,7.37298230400268
70.8876133343615,159.884361087728,-98.3376983349057,-137.468866625919,-115.94533973777,-49.6407238400494,-27.6040364764019,55.2606327804221,250.874666999233,-105.608695686784,57.0284892317952,-53.711599357851,-15.357650529375,-28.6024986707794,-7.34338607347337,0.775168721597822
129.19068404902,60.8234136393568,-104.463607638877,-130.333082145773,-76.058493221949,-35.5842889527164,-13.8358757125597,57.5230612135159,175.227335239245,-154.248416150686,70.351108512458,54.6935666776965,24.6834920286871,-13.1489114840626,-6.620612370321,-13.8034857180431
124.691769332559,-113.885620977037,0.50751349081213,-64.6661094093157,-0.165860318274397,-8.98294045187478,5.11029342867754,46.8058797825041,77.4500123521566,-69.8434715311002,-13.9624970432405,29.5247039105969,-2.93389365839201,-21.8080124663399,7.54163600142627,5.16907824445138
39.3566905892785,-188.095502376972,63.2064526929964,32.7831739436513,93.3496281653012,37.1434647166108,5.85365815316186,29.7791252554448,-54.5601194871912,99.7461822771766,-134.298165660931,-39.3498223928041,-66.9037163353084,-27.5899053897852,15.1991420158689,36.1267636581412
-36.0627193916756,-140.551616473951,59.7961776846892,92.7506352051092,95.0921278189041,67.1435218722475,0.541179076539017,6.07223772919485,-122.98878152393,104.606942506927,-116.520279339474,-41.81706936641,-66.7997225102455,14.5438152868803,24.3107874637326,44.1159166173433
-52.0622897655798,-51.0853797733464,-14.4627748273139,106.213593783738,43.7547128358902,81.2257091241128,9.61301194757449,5.28338174417974,-111.050319298484,18.2209588068301,-66.1433891745467,-35.5465661682404,-3.73130342113913,58.2641507981263,32.5395103807467,32.5125041631262
-27.7056344579364,-26.7876741370323,-14.6779583740539,55.8810561011135,14.0077027963145,66.5036018461823,15.5770525068084,-3.58980902591862,-80.8079084366047,8.55956888682744,-35.8009365344262,-0.287755967467291,22.2241648696604,27.7679460476305,7.71033962095237,-15.1066313172503
-36.3881363726875,-76.7797106377815,136.884604007773,-22.4239300925801,7.43057656506126,43.6857114386349,32.7461593549253,-32.6730761184247,-39.9976559510731,-76.0439717622921,12.654466553538,41.3771170757972,41.777531276795,9.93482275564409,1.79931387806627,-40.0614747773603
-64.8180306845383,-139.690963412723,194.479617144037,-14.1458975647521,80.3632211373716,54.0181967753687,54.2291206396622,-43.3884460265022,-49.8492691362953,-90.9129281975713,-129.992634186097,62.9343282743449,88.1321091347075,35.1700104563718,28.0064853935497,-21.696316891561
-129.315548136187,-100.252046317344,167.0388480167,83.3828746350394,129.486757715346,17.4989224498655,13.3704026364696,-63.2708962134221,-34.6165054353754,-92.3503604622073,-164.314767125452,75.8941979317187,69.51678759487,33.3254149860466,32.2234112886356,11.2645149466606
-204.802741134009,-27.5290939619315,176.089197634362,143.086217824426,142.359215099109,-19.870473641815,-43.883389266902,-96.2467230313982,-40.3219448289924,-46.326914732878,-64.4975716698294,44.7136205225898,18.3469375348372,-11.5064013095378,-7.53013325072766,10.8530401413935
-138.223782528143,23.6511107717997,95.1061672801908,68.9950556546868,108.172858850601,-25.9936171437971,-53.8187523650132,-63.7618841372395,-63.8679926533339,59.2080391451595,25.8069014424014,-15.0034319422494,-7.86053999698857,-42.9450525924979,-38.2660906202495,-6.76689629592846
49.2338116118269,41.413070949173,-119.026260429913,-3.23101734357624,22.9750909444905,-19.0859005745851,-22.0915586426832,2.0825585658319,-42.9160143170762,160.825851383283,126.312661276357,-118.212493202978,-99.8914538713213,-55.5013754474938,-32.3274610835198,25.8866022337594
190.111196123525,-7.72504991539074,-251.979046253193,-29.2024510701132,-12.1723423516585,15.5336393379831,6.85587504718717,18.1033924778311,4.26067524062762,125.350361990385,95.7173097759513,-84.7212021763935,-87.1163048373876,-36.4185185445876,-20.8018101885932,54.8247538686886
218.569661518104,-73.7936586117837,-179.573316988303,-70.2907778684272,-10.0342868611699,21.9795457300292,6.45546961688123,-3.99653655201848,65.6741132413284,-2.91354461757896,-1.19504298695983,29.2004590452792,28.0184786383429,17.3438207760594,-4.8098058734048,50.7583689960296
201.753662256764,-201.91169212358,-10.8959598384805,-65.318379311081,8.00666968072497,28.1096821428876,8.26194702636161,-31.062259596217,18.2669353757666,-63.905571467748,-39.5216378564576,121.075539763219,107.354142683726,60.0617276348078,1.20848768288403,-1.27944027950468
135.752825567178,-269.68698142779,81.1731971087602,-6.7528896594328,50.7401315359038,45.7523849320967,21.4239902566582,-20.7420852885537,-104.951202675528,-168.148992207268,27.5728720971129,182.323927248628,160.804224308972,92.3300244546774,10.5034826247418,-58.1287188838434
-1.49987880498781,-75.6909693408967,6.9447139636784,63.0722920026346,37.7128678923225,22.0441432105324,12.5450754158535,0.125820484429553,-142.225334617118,-97.9366246093155,78.1865852019459,104.954840406409,84.1195231750107,54.1486410237387,7.98076288180141,-51.4904327796929
-93.2170786457781,144.599749837457,-145.059465718701,103.936333991652,21.6549203818976,13.566836023307,-4.7690967430531,18.6219659344119,-127.088089177446,65.5076709579889,5.40894555794075,33.9412943617274,-18.630163438846,-1.55238074260496,-3.99396283776459,-7.36965776681332
-61.0229589316363,250.853695322853,-179.650976626337,-1.47761994948101,-55.8966462773051,-25.9614118698284,-11.8309070764505,64.6946088243474,-6.83232335023962,96.5707892147352,10.0630143081816,-29.6648406596755,-73.517107155668,-30.8591602919862,-1.41121937763509,31.3710588990718
9.70559866998797,329.188772554357,-44.9795548112048,-235.742529252094,-226.521534134759,-125.447598306639,-20.486302263658,95.3900983249755,216.975302222382,-148.899709968443,212.702591978197,-10.4283520909825,-3.53738461660038,-3.20717271979661,16.1120966408096,23.2235110027679
58.5756976982448,305.31012920283,6.03991282991983,-296.267418568833,-281.947704091372,-155.854514417163,-11.6074676603018,95.8198421342729,306.782461520909,-367.050940041482,305.547284976719,38.5820010651287,97.0884844790875,63.9845080533899,42.1566144118989,3.12826203097006
58.5641941410941,78.7038685138575,146.624253325182,-168.253468041394,-231.502268168281,-127.065366502376,-12.8541368384628,51.4312748442784,110.492151346854,-175.811267179495,244.669142755018,68.5090295136193,88.808404309728,41.310444184236,13.3856353520731,-43.9038211721821
